0.922993 -1.59189
0.202885 -0.435634
0.59317 0.460027
-0.272097 1.2636
-1.19468 0.210779
-1.3853 -0.982327
-0.782937 -0.121056
0.0926743 -0.724444
-0.00562236 -0.644251
-0.49568 -0.633454
0.463115 -0.680754
0.424749 0.70555
1.68343 0.327034
0.121566 -1.34953
-1.5536 -0.562172
0.152242 2.05339
-1.15363 -1.52401
-0.178646 1.97316
-0.520333 0.507111
-0.200029 0.957884
1.5726 0.334774
0.495397 1.20652
2.2394 0.413711
0.293261 -1.49398
-0.682163 -0.870046
-1.06353 -1.12613
0.794784 -1.66265
-1.42457 0.797135
0.138359 1.82643
-0.76595 -0.491726
1.65239 0.614299
0.222246 -0.264564
-0.766405 0.505914
0.938928 -0.492751
-2.67768 -2.30372
0.629889 -2.07958
0.3021 -0.540572
-0.252369 -0.447198
-0.589087 -0.423797
0.49294 0.349806
0.890195 -1.3989
-0.143188 -1.31929
0.29802 0.445945
-1.79983 -0.136334
0.899741 0.026039
0.708776 0.423756
-1.02113 0.350257
-0.408627 -0.218996
-1.42786 0.181283
0.450441 -1.303
-1.14838 -1.06936
0.423174 -0.0788722
-0.556156 0.769619
0.668714 -0.720074
0.89348 -0.564438
0.0214159 -1.67141
0.065014 1.28393
-0.262068 -0.618856
0.855552 0.0453432
-0.436575 -0.109803
-0.252812 0.366434
-0.250793 -0.0341685
0.503398 0.211219
-0.510055 1.06708
-0.514843 0.62633
1.12078 -0.167755
0.253981 -0.587373
-0.942134 0.291551
-0.288104 1.82473
-0.90044 -0.045557
-1.74128 -0.115876
-0.0342192 0.313264
-0.439195 -0.217523
0.809365 -0.0970828
1.4163 -0.130871
-0.445119 0.773893
-0.212998 -1.23179
0.316414 -2.33684
-0.0543295 -0.0116016
1.16408 -0.0860251
-0.453096 2.20606
-0.151937 0.836794
-2.20041 1.30073
0.579815 -2.82912
-1.60905 -0.362985
0.260412 -0.424588
0.436144 -0.962841
0.590168 -0.398187
0.177856 0.588344
0.892372 0.144094
-0.96486 -0.790257
1.19718 -1.36137
0.793577 -0.62207
-0.643261 1.03757
2.0281 0.238758
-0.938216 0.415981
-0.466974 2.22272
0.137281 0.173291
0.0330427 0.334966
-0.618876 -0.14684
