0 10 10 10 10 10 
0.001 10.0238 9.92491 9.97123 10.0049 9.92997 
0.002 10.0511 9.97102 10.0536 10.0863 10.0529 
0.003 10.084 9.9101 10.0453 10.0716 10.1093 
0.004 10.1247 9.89144 10.0891 10.0244 10.0776 
0.005 10.151 9.91632 9.96217 10.089 10.0214 
0.006 10.1684 9.82059 9.94378 10.0907 10.0209 
0.007 10.1747 9.8681 10.0426 10.0218 10.0194 
0.008 10.0655 9.93482 10.0628 10.1041 9.99515 
0.009 10.0149 9.89739 10.0231 10.1106 9.92867 
0.01 10.1247 9.86818 9.87811 10.2064 9.84066 
0.011 10.1289 9.82848 9.87615 10.2506 9.89724 
0.012 10.1637 9.90896 10.0218 10.2651 9.93426 
0.013 10.2257 9.93678 10.1087 10.3532 9.9153 
0.014 10.1552 9.9354 10.0835 10.3899 9.88741 
0.015 10.1607 9.95097 10.1024 10.4348 9.889 
0.016 10.1564 10.0316 10.126 10.3548 9.93201 
0.017 10.0624 9.99426 10.0705 10.4071 9.93875 
0.018 10.0636 10.1162 10.0644 10.454 9.95796 
0.019 9.9067 10.1216 9.91652 10.5414 9.92115 
0.02 9.92994 10.0649 9.96999 10.6198 9.89736 
0.021 9.85495 10.1282 9.97256 10.6341 9.84152 
0.022 9.81984 10.1569 9.96534 10.6522 9.86024 
0.023 9.86047 10.0287 9.91172 10.6955 9.88259 
0.024 9.91691 10.069 9.8056 10.8156 9.79995 
0.025 9.99267 10.1431 9.95033 10.8553 9.80554 
0.026 9.92339 10.0819 9.90919 10.7689 9.83574 
0.027 9.97417 10.1606 9.78377 10.8132 9.97193 
0.028 9.98756 10.201 9.79213 10.8732 9.97158 
0.029 9.84775 10.246 9.76424 10.8186 9.89777 
0.03 9.7731 10.2217 9.81686 10.7106 9.93338 
0.031 9.88739 10.3202 9.82366 10.6819 9.87458 
0.032 9.8677 10.366 9.74105 10.6367 9.86596 
0.033 9.86293 10.3209 9.70732 10.5938 9.84387 
0.034 9.90905 10.3059 9.60767 10.6748 9.77812 
0.035 9.87278 10.2306 9.64221 10.5811 9.82529 
0.036 9.93513 10.1666 9.64473 10.5805 9.86191 
0.037 9.93533 10.2266 9.66816 10.6003 9.84762 
0.038 10.0255 10.28 9.55503 10.6806 9.86083 
0.039 9.91602 10.1936 9.45771 10.6963 9.76722 
0.04 9.93817 10.0946 9.31898 10.61 9.70894 
0.041 9.99613 9.97569 9.36241 10.6389 9.60354 
0.042 9.96709 9.87334 9.35516 10.6665 9.62553 
0.043 10.0085 9.93495 9.34102 10.7371 9.57116 
0.044 10.1729 10.0153 9.32167 10.6405 9.62833 
0.045 10.1427 10.0779 9.33344 10.7416 9.64231 
0.046 10.096 10.2334 9.36124 10.7008 9.6069 
0.047 10.2029 10.2402 9.39672 10.7435 9.59808 
0.048 10.2045 10.2274 9.48306 10.7135 9.67818 
0.049 10.1663 10.1718 9.40084 10.7985 9.68237 
0.05 10.1923 10.1491 9.45065 10.9097 9.75782 
0.051 10.1389 10.1445 9.5017 10.9613 9.74252 
0.052 10.0476 10.2295 9.47781 10.9461 9.67023 
0.053 10.0632 10.196 9.47779 10.8635 9.68836 
0.054 10.0741 10.05 9.45369 10.8039 9.74017 
0.055 9.98319 10.161 9.47343 10.8063 9.72029 
0.056 10.0324 10.1148 9.52395 10.7485 9.69368 
0.057 10.0234 10.0773 9.52322 10.7455 9.73063 
0.058 10.0522 9.98368 9.41363 10.8409 9.87376 
0.059 10.0621 9.97168 9.4514 10.868 9.95152 
0.06 9.97299 9.93341 9.40905 10.9836 9.87572 
0.061 9.93744 9.81858 9.4427 10.8772 9.91871 
0.062 9.86895 9.74512 9.41257 10.8244 9.94707 
0.063 9.88309 9.6936 9.44129 10.7682 9.96028 
0.064 9.9779 9.70017 9.46302 10.7888 10.1364 
0.065 10.0747 9.62233 9.51308 10.7188 10.1213 
0.066 10.143 9.68831 9.55779 10.7802 10.1266 
0.067 10.063 9.66253 9.56954 10.8015 10.171 
0.068 10.0637 9.65033 9.60128 10.8219 10.1086 
0.069 10.1854 9.7176 9.5184 10.7955 10.1643 
0.07 10.1397 9.82219 9.4648 10.8947 10.2271 
0.071 10.1193 9.79317 9.46307 11.043 10.2239 
0.072 10.1574 9.77178 9.39771 10.9855 10.1863 
0.073 10.254 9.66751 9.42873 10.9118 10.2147 
0.074 10.1705 9.7334 9.36671 10.8562 10.2508 
0.075 10.1866 9.68941 9.38897 10.8298 10.2385 
0.076 10.0912 9.70083 9.50346 10.7508 10.3888 
0.077 10.1298 9.70625 9.46196 10.7815 10.4276 
0.078 9.97587 9.61754 9.53839 10.7777 10.4171 
0.079 9.95031 9.60285 9.55394 10.8847 10.4181 
0.08 9.91848 9.6021 9.52597 10.8527 10.3628 
0.081 9.77686 9.52468 9.5123 10.7508 10.3835 
0.082 9.71389 9.42592 9.56318 10.6695 10.3325 
0.083 9.83181 9.43009 9.50789 10.7575 10.3476 
0.084 9.79 9.44647 9.51914 10.6932 10.2262 
0.085 9.72404 9.44945 9.50653 10.6037 10.243 
0.086 9.77341 9.48297 9.34448 10.6396 10.212 
0.087 9.76815 9.41701 9.40145 10.5739 10.1881 
0.088 9.87871 9.33991 9.46556 10.5326 10.2952 
0.089 9.83224 9.38207 9.41288 10.5479 10.3642 
0.09 9.78639 9.32016 9.46366 10.5527 10.2277 
0.091 9.8134 9.23495 9.456 10.5408 10.3061 
0.092 9.75372 9.25567 9.41658 10.5064 10.3925 
0.093 9.81396 9.29734 9.41448 10.5124 10.4335 
0.094 9.85827 9.43399 9.40302 10.4193 10.3763 
0.095 9.92313 9.50499 9.4713 10.4326 10.2893 
0.096 9.99549 9.55021 9.40952 10.5244 10.4432 
0.097 10.0441 9.51504 9.46747 10.528 10.4514 
0.098 10.0124 9.59088 9.41438 10.5405 10.5168 
0.099 9.9945 9.58967 9.3489 10.6722 10.5378 
0.1 10.1353 9.57518 9.35921 10.6708 10.5961 
0.101 10.1882 9.60131 9.31624 10.6722 10.7329 
0.102 10.1832 9.59755 9.31444 10.6974 10.7861 
0.103 10.1117 9.58374 9.2683 10.7161 10.6956 
0.104 10.0117 9.52212 9.32213 10.6092 10.787 
0.105 10.0456 9.5295 9.31995 10.5292 10.6696 
0.106 9.96743 9.54059 9.30355 10.5774 10.6492 
0.107 10.0322 9.53319 9.40681 10.6714 10.6492 
0.108 10.1147 9.59304 9.2852 10.5982 10.5449 
0.109 10.1626 9.61186 9.35807 10.6625 10.4471 
0.11 10.2817 9.6198 9.29665 10.6378 10.4771 
0.111 10.2276 9.59551 9.41543 10.7092 10.5121 
0.112 10.2364 9.4935 9.35135 10.8066 10.4774 
0.113 10.3283 9.49855 9.39466 10.8638 10.4715 
0.114 10.2187 9.48816 9.47519 10.8688 10.3962 
0.115 10.2354 9.56227 9.56856 10.9083 10.4275 
0.116 10.2579 9.49439 9.53267 10.8524 10.4524 
0.117 10.2558 9.3685 9.63777 10.8795 10.4011 
0.118 10.3207 9.40552 9.66796 10.9426 10.5296 
0.119 10.4636 9.44167 9.81003 10.8891 10.5944 
0.12 10.4331 9.42062 9.8198 10.8352 10.5213 
0.121 10.4457 9.44334 9.80447 10.8314 10.6075 
0.122 10.6933 9.42694 9.90537 10.8455 10.5847 
0.123 10.7337 9.37384 9.84996 10.8147 10.5039 
0.124 10.7972 9.40275 9.86996 10.7914 10.5641 
0.125 10.7828 9.41496 9.87014 10.8152 10.5856 
0.126 10.7217 9.39557 9.81691 10.8879 10.5886 
0.127 10.6738 9.3619 9.91062 10.939 10.6698 
0.128 10.7917 9.31453 9.81799 10.9873 10.5888 
0.129 10.8034 9.34549 9.91463 10.9921 10.6236 
0.13 10.8474 9.39891 9.93718 10.9913 10.8391 
0.131 10.8537 9.37911 9.95251 10.9699 10.8635 
0.132 10.9468 9.47302 9.92693 11.0237 10.869 
0.133 10.7831 9.42983 9.92116 11.0859 10.8407 
0.134 10.7561 9.53849 9.84926 11.1269 10.8804 
0.135 10.768 9.67814 9.72092 11.0693 10.9037 
0.136 10.6444 9.6146 9.77491 10.989 10.8919 
0.137 10.7687 9.54592 9.80311 10.959 10.863 
0.138 10.7667 9.49299 9.84622 10.9933 10.9059 
0.139 10.7643 9.49578 9.88121 11.1226 10.7523 
0.14 10.7282 9.5054 9.83175 11.0877 10.6883 
0.141 10.5957 9.44519 9.93489 11.1917 10.7089 
0.142 10.6109 9.39651 9.94955 11.157 10.6797 
0.143 10.7501 9.52234 10.0052 11.1194 10.531 
0.144 10.791 9.53207 10.0688 11.0243 10.6175 
0.145 10.7919 9.50438 10.2212 10.9854 10.665 
0.146 10.7711 9.64686 10.1937 10.9129 10.6077 
0.147 10.7871 9.69845 10.4184 10.9903 10.5714 
0.148 10.8696 9.6175 10.4472 11.0294 10.6246 
0.149 10.8868 9.59843 10.3303 10.8786 10.5621 
0.15 10.8717 9.55226 10.3733 10.8513 10.6934 
0.151 10.895 9.5121 10.4757 10.7775 10.7122 
0.152 10.9068 9.50155 10.4952 10.7785 10.6901 
0.153 10.9017 9.47884 10.6011 10.7034 10.7223 
0.154 10.8553 9.42954 10.6176 10.8018 10.6914 
0.155 10.8206 9.44309 10.7133 10.8792 10.7164 
0.156 10.8698 9.41063 10.8836 10.8998 10.7078 
0.157 10.8551 9.51552 10.7519 10.8977 10.676 
0.158 10.8095 9.53518 10.6746 10.9332 10.6649 
0.159 10.9181 9.54557 10.6983 10.9189 10.7265 
0.16 10.8089 9.48112 10.726 10.9386 10.7518 
0.161 10.7896 9.45441 10.7869 10.9373 10.7218 
0.162 10.706 9.5097 10.7502 10.8542 10.6728 
0.163 10.6945 9.42752 10.6781 11.0405 10.7785 
0.164 10.6627 9.33897 10.6994 11.046 10.724 
0.165 10.7498 9.26513 10.7188 11.0525 10.7232 
0.166 10.6277 9.25751 10.7171 11.0835 10.7574 
0.167 10.5864 9.25095 10.7587 11.1144 10.8262 
0.168 10.4999 9.22395 10.7691 11.0286 10.8606 
0.169 10.4691 9.29082 10.7334 11.0134 10.8289 
0.17 10.5176 9.49056 10.7865 11.0452 10.8556 
0.171 10.538 9.38925 10.6465 11.1013 10.8499 
0.172 10.4715 9.50491 10.6191 11.0645 10.9406 
0.173 10.3719 9.53802 10.6113 11.0474 11.0306 
0.174 10.3428 9.53331 10.5656 11.0516 10.9923 
0.175 10.4079 9.55376 10.5115 11.0432 11.0319 
0.176 10.4355 9.5693 10.5395 11.0705 10.9809 
0.177 10.314 9.49662 10.4622 11.1373 11.0727 
0.178 10.2739 9.6533 10.513 10.9658 11.0062 
0.179 10.3418 9.69475 10.5826 11.0006 10.9999 
0.18 10.2406 9.79592 10.5759 11.0263 11.0268 
0.181 10.1322 9.75347 10.5789 10.9547 11.1023 
0.182 10.1899 9.74027 10.5941 11.0187 11.2219 
0.183 10.1272 9.65448 10.5592 11.0686 11.1791 
0.184 10.1218 9.55046 10.703 11.0877 11.2044 
0.185 10.1486 9.55903 10.6804 11.0929 11.2778 
0.186 10.2378 9.60338 10.7189 11.0471 11.2513 
0.187 10.2884 9.59306 10.7078 11.0529 11.143 
0.188 10.3582 9.47321 10.7979 10.9954 10.9982 
0.189 10.4845 9.46655 10.9035 11.1423 11.1038 
0.19 10.4809 9.33664 10.935 11.2723 11.0707 
0.191 10.5388 9.26086 10.8358 11.2336 11.1697 
0.192 10.5405 9.27071 10.7775 11.1513 11.3039 
0.193 10.558 9.245 10.7722 11.1935 11.2539 
0.194 10.5613 9.25255 10.7619 11.3435 11.3091 
0.195 10.5884 9.22473 10.7243 11.2721 11.2475 
0.196 10.5982 9.2894 10.6836 11.2525 11.2601 
0.197 10.5684 9.22294 10.7327 11.3527 11.157 
0.198 10.6368 9.16061 10.7736 11.3481 11.0827 
0.199 10.5788 9.25253 10.783 11.3241 11.0279 
0.2 10.5453 9.28069 10.9307 11.2551 11.0082 
0.201 10.4625 9.22715 10.8884 11.3233 11.029 
0.202 10.413 9.30508 10.7969 11.2771 10.9438 
0.203 10.4804 9.28732 10.779 11.2601 10.845 
0.204 10.4716 9.34169 10.9283 11.2879 10.8231 
0.205 10.5872 9.37147 10.8387 11.1691 10.7899 
0.206 10.5742 9.31588 10.8432 11.2508 10.7989 
0.207 10.5859 9.30842 10.8549 11.237 10.7329 
0.208 10.5356 9.26783 10.8805 11.4001 10.7625 
0.209 10.457 9.18766 10.8339 11.3767 10.7776 
0.21 10.4543 9.19116 10.8534 11.3351 10.7414 
0.211 10.5484 9.19451 10.8994 11.1814 10.7669 
0.212 10.4506 9.2863 10.8732 11.3432 10.7536 
0.213 10.4661 9.36727 10.8227 11.3404 10.7163 
0.214 10.4716 9.32247 10.7838 11.3681 10.7512 
0.215 10.5208 9.24282 10.7881 11.269 10.6815 
0.216 10.6136 9.15913 10.6844 11.3446 10.858 
0.217 10.5091 9.13144 10.5601 11.5035 10.8358 
0.218 10.5289 9.19246 10.5162 11.4695 10.8851 
0.219 10.5946 9.2855 10.5691 11.4845 10.8099 
0.22 10.6995 9.28331 10.5903 11.4989 10.7688 
0.221 10.6467 9.30126 10.5675 11.5876 10.7438 
0.222 10.6367 9.30439 10.5504 11.5931 10.7468 
0.223 10.5228 9.23504 10.5352 11.5555 10.7581 
0.224 10.4462 9.24726 10.6138 11.5104 10.6978 
0.225 10.3571 9.25098 10.5766 11.6241 10.7428 
0.226 10.3135 9.23477 10.546 11.4946 10.7967 
0.227 10.3245 9.29596 10.5917 11.4381 10.7748 
0.228 10.2789 9.27552 10.4399 11.5037 10.7581 
0.229 10.419 9.30003 10.4327 11.5554 10.7705 
0.23 10.4435 9.35242 10.4963 11.52 10.737 
0.231 10.5887 9.32163 10.3803 11.5048 10.7445 
0.232 10.5537 9.27204 10.3952 11.4333 10.8008 
0.233 10.6141 9.33021 10.3073 11.2781 10.8946 
0.234 10.6108 9.20528 10.4206 11.4183 10.8579 
0.235 10.6933 9.25614 10.3033 11.4981 10.8844 
0.236 10.7478 9.33489 10.307 11.3698 10.7887 
0.237 10.6007 9.34075 10.3401 11.5451 10.7689 
0.238 10.6111 9.31782 10.2954 11.5827 10.804 
0.239 10.6238 9.27956 10.2261 11.5731 10.9091 
0.24 10.6042 9.21962 10.2989 11.5898 10.7871 
0.241 10.6076 9.11972 10.3387 11.5657 10.7532 
0.242 10.6238 9.04063 10.3483 11.7342 10.7628 
0.243 10.707 9.06178 10.2435 11.6503 10.8581 
0.244 10.6348 9.0046 10.1806 11.6407 10.8921 
0.245 10.5786 8.99049 10.1076 11.6305 10.9028 
0.246 10.5876 9.00588 10.1319 11.6845 10.8911 
0.247 10.6634 8.9441 10.1516 11.5839 10.8367 
0.248 10.6087 8.92033 10.0599 11.547 10.9047 
0.249 10.5528 8.89012 10.1154 11.6117 10.8708 
0.25 10.5107 8.84772 9.99401 11.6061 10.9701 
0.251 10.4964 8.82474 10.06 11.4889 10.9731 
0.252 10.4433 8.85389 10.0121 11.5711 11.0116 
0.253 10.4416 8.93552 10.0677 11.6333 10.9415 
0.254 10.4253 8.91633 10.1434 11.6453 10.8922 
0.255 10.4184 8.85408 10.1923 11.8351 10.7645 
0.256 10.5192 8.90599 10.3385 11.7707 10.7697 
0.257 10.4541 8.93661 10.2713 11.8371 10.8321 
0.258 10.495 8.95998 10.2615 11.9106 10.7641 
0.259 10.4744 8.92083 10.2298 11.9441 10.8154 
0.26 10.4278 8.88432 10.3306 12.0727 10.7708 
0.261 10.5593 8.94989 10.3832 12.2048 10.6804 
0.262 10.6298 9.00278 10.3979 12.2405 10.7853 
0.263 10.5983 8.93812 10.3354 12.3897 10.8049 
0.264 10.5469 8.93483 10.286 12.4405 10.7788 
0.265 10.4429 8.95615 10.3084 12.4191 10.7313 
0.266 10.4576 8.95331 10.3532 12.4106 10.7991 
0.267 10.4147 9.03596 10.4387 12.3382 10.8145 
0.268 10.3174 9.00417 10.3133 12.3558 10.7738 
0.269 10.3112 9.08628 10.3516 12.4877 10.7828 
0.27 10.2285 9.04824 10.5021 12.429 10.6586 
0.271 10.2445 9.07694 10.5947 12.4452 10.6365 
0.272 10.2594 9.10943 10.6138 12.4471 10.575 
0.273 10.2757 9.03391 10.6142 12.3981 10.5383 
0.274 10.3926 9.02233 10.555 12.561 10.6752 
0.275 10.4569 9.00051 10.4958 12.5619 10.674 
0.276 10.5038 8.95883 10.4349 12.5622 10.621 
0.277 10.4611 8.98132 10.4935 12.6639 10.593 
0.278 10.4782 8.96942 10.5233 12.7326 10.5243 
0.279 10.5129 9.00891 10.4225 12.738 10.5941 
0.28 10.5156 9.07243 10.4538 12.7687 10.5234 
0.281 10.5362 9.12432 10.3437 12.8433 10.4964 
0.282 10.4837 9.11162 10.3792 12.8416 10.5729 
0.283 10.5743 9.07399 10.4286 12.8669 10.5608 
0.284 10.4551 8.98703 10.4799 12.7984 10.557 
0.285 10.5232 9.02169 10.4604 12.8372 10.5378 
0.286 10.5691 9.05981 10.4392 12.8455 10.5987 
0.287 10.513 8.97743 10.492 12.884 10.5913 
0.288 10.6513 9.07279 10.4623 12.8195 10.6794 
0.289 10.5996 9.06278 10.3827 12.7809 10.6774 
0.29 10.7015 9.19924 10.4433 12.6874 10.624 
0.291 10.7281 9.14044 10.5188 12.8142 10.6547 
0.292 10.7113 9.16233 10.4682 12.7493 10.586 
0.293 10.5763 9.14443 10.4444 12.7786 10.6737 
0.294 10.5798 9.07222 10.3992 12.8086 10.6519 
0.295 10.4238 8.97435 10.4641 12.7277 10.5631 
0.296 10.3492 9.01938 10.4627 12.6735 10.4866 
0.297 10.2764 8.97555 10.4438 12.7221 10.4612 
0.298 10.3103 8.93213 10.4577 12.7361 10.54 
0.299 10.309 8.96568 10.5092 12.8172 10.6337 
0.3 10.3921 8.96943 10.5051 12.8508 10.5187 
0.301 10.4813 8.9189 10.5621 12.784 10.5243 
0.302 10.3351 8.98481 10.6752 12.7884 10.4434 
0.303 10.2898 9.07258 10.6816 12.8601 10.4422 
0.304 10.3415 9.09691 10.7216 12.98 10.5091 
0.305 10.2955 9.08919 10.7091 12.8184 10.4411 
0.306 10.3236 8.95287 10.764 12.8849 10.4609 
0.307 10.2687 8.91155 10.8103 12.8891 10.3438 
0.308 10.1382 8.89203 10.6495 12.9497 10.4636 
0.309 10.1892 8.84866 10.6549 12.8728 10.3859 
0.31 10.0053 8.87367 10.5428 12.889 10.3362 
0.311 9.96498 8.81592 10.6156 12.9845 10.464 
0.312 9.87044 8.81704 10.4769 12.9979 10.4202 
0.313 9.75201 8.78212 10.5118 12.9557 10.2512 
0.314 9.78766 8.77205 10.5578 13.1075 10.457 
0.315 9.83568 8.75729 10.553 13.2376 10.425 
0.316 9.82677 8.79547 10.4878 13.2034 10.4773 
0.317 9.85311 8.75927 10.5461 13.2114 10.4425 
0.318 9.90149 8.79938 10.478 13.1993 10.4689 
0.319 9.8385 8.93193 10.5363 13.1983 10.4456 
0.32 9.79776 8.91746 10.4243 13.1012 10.4428 
0.321 9.86204 8.83893 10.4393 13.2111 10.3983 
0.322 9.8832 8.78918 10.3711 13.213 10.4133 
0.323 9.89498 8.64292 10.3591 13.2598 10.4031 
0.324 9.96388 8.62887 10.4364 13.3068 10.3132 
0.325 9.94594 8.65709 10.3504 13.3204 10.3001 
0.326 9.95132 8.67419 10.3311 13.2501 10.2353 
0.327 9.95318 8.7349 10.2606 13.2702 10.2259 
0.328 9.94248 8.71836 10.3024 13.2644 10.1568 
0.329 9.97313 8.80621 10.2796 13.2078 10.1778 
0.33 9.93091 8.85039 10.1938 12.9894 10.2312 
0.331 10.0028 8.94906 10.0993 13.0275 10.2683 
0.332 9.93461 8.95092 10.075 13.0286 10.2833 
0.333 9.83882 8.98114 10.1103 13.0246 10.2915 
0.334 9.76482 9.00126 10.0841 12.9283 10.3143 
0.335 9.7872 9.10701 10.0398 12.8768 10.1257 
0.336 9.87097 9.05778 10.0523 12.9993 10.021 
0.337 9.85284 9.0988 10.1007 12.9162 9.91543 
0.338 9.94068 9.06694 10.0097 12.9164 9.87576 
0.339 9.88728 9.14606 10.0411 12.8578 9.74776 
0.34 9.95978 9.13012 10.1344 12.7803 9.78914 
0.341 9.82222 9.11494 10.0993 12.8481 9.77122 
0.342 9.73447 9.05695 10.0711 12.8177 9.59764 
0.343 9.73101 8.9753 9.9984 12.7222 9.5692 
0.344 9.70747 9.00859 9.98722 12.5939 9.64966 
0.345 9.68751 8.97992 10.0948 12.7087 9.56198 
0.346 9.89315 9.06807 10.0766 12.6521 9.52718 
0.347 9.8168 9.09443 10.1508 12.6284 9.56313 
0.348 9.93048 9.0886 10.1341 12.6343 9.59991 
0.349 9.95338 9.12241 10.0316 12.6545 9.57699 
0.35 9.9483 9.08107 9.91848 12.6615 9.62778 
0.351 9.98889 9.03327 10.0424 12.5315 9.59782 
0.352 10.0553 8.97466 10.0215 12.5473 9.645 
0.353 10.0198 8.97929 10.0793 12.5339 9.73881 
0.354 10.0595 8.95259 10.1101 12.486 9.74748 
0.355 10.1684 8.95927 10.1737 12.4352 9.71516 
0.356 10.2689 9.03227 10.258 12.4634 9.64272 
0.357 10.2834 9.00092 10.1921 12.4487 9.60101 
0.358 10.3005 9.04991 10.2458 12.4932 9.61754 
0.359 10.241 9.08712 10.2371 12.408 9.52126 
0.36 10.23 9.04958 10.2675 12.384 9.51596 
0.361 10.2063 9.00441 10.3241 12.4517 9.43283 
0.362 10.1786 9.00017 10.3071 12.3783 9.35835 
0.363 10.2159 8.95799 10.3728 12.3705 9.37044 
0.364 10.148 8.97705 10.4117 12.4104 9.39969 
0.365 10.1905 9.15404 10.3489 12.3225 9.38053 
0.366 10.2294 9.15849 10.3075 12.3095 9.44114 
0.367 10.1261 9.16707 10.3917 12.46 9.45358 
0.368 10.2045 9.09753 10.3098 12.367 9.47162 
0.369 10.3019 9.0969 10.3742 12.2881 9.46029 
0.37 10.3889 9.09609 10.3886 12.2871 9.48145 
0.371 10.4621 9.10083 10.3842 12.2996 9.463 
0.372 10.5035 9.10837 10.4305 12.2141 9.41608 
0.373 10.4555 9.08897 10.381 12.2305 9.39297 
0.374 10.4174 9.1578 10.4729 12.2577 9.49012 
0.375 10.3227 9.2249 10.5894 12.2594 9.49812 
0.376 10.3372 9.27069 10.4639 12.1823 9.52971 
0.377 10.3717 9.34092 10.4328 12.2401 9.45487 
0.378 10.288 9.28722 10.4378 12.1709 9.54089 
0.379 10.2377 9.42625 10.3541 12.097 9.48894 
0.38 10.1844 9.41295 10.3102 12.0889 9.49967 
0.381 10.1581 9.43592 10.2846 11.9919 9.43985 
0.382 10.0932 9.47306 10.3452 11.938 9.42167 
0.383 10.0724 9.53621 10.2889 11.8905 9.48066 
0.384 10.0253 9.52561 10.2422 11.9142 9.43955 
0.385 9.98466 9.53611 10.2355 11.9054 9.37316 
0.386 9.97035 9.47122 10.3465 11.9378 9.43892 
0.387 10.0172 9.46254 10.3785 11.8866 9.42594 
0.388 10.0146 9.52573 10.3513 11.8146 9.33981 
0.389 9.88388 9.59331 10.3958 11.7985 9.35057 
0.39 9.84927 9.5741 10.2562 11.7109 9.31334 
0.391 9.89045 9.39737 10.2939 11.7427 9.24799 
0.392 9.93797 9.34042 10.1979 11.7669 9.34455 
0.393 9.89771 9.36853 10.1323 11.7332 9.33853 
0.394 9.84257 9.32842 10.1079 11.7443 9.33351 
0.395 9.8092 9.3102 10.0728 11.7433 9.41738 
0.396 9.71758 9.33847 10.1679 11.7072 9.35711 
0.397 9.86002 9.37633 10.1864 11.7657 9.42665 
0.398 9.79859 9.45579 10.2024 11.8883 9.33275 
0.399 9.84194 9.48235 10.1873 11.8941 9.32611 
0.4 9.92942 9.47889 10.1216 11.9152 9.33463 
0.401 9.98752 9.48936 10.1363 11.7825 9.40778 
0.402 9.87722 9.46841 10.1595 11.8832 9.40434 
0.403 9.96554 9.41517 10.1908 11.9257 9.4204 
0.404 9.93906 9.52552 10.1122 12.0328 9.40436 
0.405 9.98372 9.5725 10.1273 12.0908 9.36651 
0.406 10.0066 9.60151 10.2195 12.0726 9.39733 
0.407 10.0111 9.55427 10.3755 12.0168 9.47992 
0.408 10.0659 9.70161 10.4598 11.9779 9.35183 
0.409 10.0583 9.69606 10.5336 11.9863 9.3323 
0.41 10.0736 9.77613 10.695 11.8987 9.30801 
0.411 10.1067 9.81543 10.7338 11.9866 9.29488 
0.412 10.2502 9.79318 10.6674 11.8677 9.2116 
0.413 10.2245 9.77377 10.5744 11.8043 9.36592 
0.414 10.2029 9.84763 10.5449 11.8148 9.3132 
0.415 10.0302 9.89947 10.5838 11.7982 9.3286 
0.416 10.0245 9.87423 10.6623 11.8832 9.32108 
0.417 10.0209 9.86689 10.7834 11.9515 9.29714 
0.418 10.0142 9.89901 10.8693 11.9182 9.33609 
0.419 10.1122 9.9006 10.8907 11.8772 9.33915 
0.42 10.2189 10.0436 10.8515 12.0528 9.36078 
0.421 10.2602 10.0494 10.8937 11.9554 9.36329 
0.422 10.2967 10.0055 10.8307 11.8902 9.35262 
0.423 10.2172 10.009 10.8553 11.8437 9.35515 
0.424 10.2524 10.0284 10.8582 11.9902 9.34332 
0.425 10.2967 9.95373 10.8787 11.9285 9.27355 
0.426 10.3413 9.99096 10.9243 12.019 9.38029 
0.427 10.1994 9.95053 10.9588 11.9823 9.35709 
0.428 10.1916 9.88191 11.033 11.9326 9.35035 
0.429 10.1486 9.78733 11.0987 12.0798 9.41494 
0.43 10.2288 9.82812 11.0627 12.1182 9.38562 
0.431 10.2748 9.81042 11.0634 12.1981 9.43319 
0.432 10.1564 9.71416 10.9676 12.1616 9.51039 
0.433 10.061 9.77918 10.9817 12.1829 9.49663 
0.434 9.98123 9.81958 10.9875 12.3121 9.52544 
0.435 9.95469 9.78349 11.0003 12.233 9.58843 
0.436 10.0127 9.74468 11.0904 12.3794 9.59413 
0.437 10.0547 9.66496 11.0798 12.4758 9.61612 
0.438 9.94862 9.60966 11.0561 12.5019 9.57684 
0.439 9.92899 9.56807 11.016 12.4301 9.57437 
0.44 9.89613 9.54173 11.0291 12.3334 9.51747 
0.441 9.99889 9.57463 11.1223 12.5284 9.59147 
0.442 10.0096 9.58688 11.3285 12.5491 9.641 
0.443 10.0155 9.58307 11.3117 12.6062 9.6054 
0.444 10.0142 9.55324 11.3103 12.4883 9.60032 
0.445 10.0149 9.56508 11.3581 12.3315 9.51425 
0.446 10.0248 9.52002 11.4312 12.3769 9.57802 
0.447 10.0314 9.47135 11.4714 12.3515 9.49235 
0.448 10.0182 9.41616 11.4862 12.4471 9.50895 
0.449 9.95436 9.41505 11.4986 12.3445 9.52556 
0.45 9.9453 9.40821 11.5593 12.3265 9.42257 
0.451 9.99153 9.48588 11.4793 12.3002 9.39883 
0.452 9.97986 9.47828 11.5469 12.3027 9.44478 
0.453 9.99366 9.42738 11.5614 12.3416 9.47596 
0.454 10.0592 9.46882 11.5182 12.2835 9.4826 
0.455 10.1414 9.45865 11.5212 12.2967 9.47569 
0.456 10.1436 9.43794 11.5241 12.3127 9.53726 
0.457 10.21 9.48458 11.4544 12.4292 9.53942 
0.458 10.2612 9.53821 11.4134 12.462 9.59457 
0.459 10.2069 9.6238 11.3203 12.5426 9.48515 
0.46 10.2353 9.61856 11.3715 12.5777 9.46387 
0.461 10.312 9.67468 11.2097 12.5959 9.44319 
0.462 10.2577 9.65079 11.3239 12.5988 9.48609 
0.463 10.294 9.65367 11.4142 12.6075 9.51169 
0.464 10.3044 9.6935 11.2783 12.6247 9.54468 
0.465 10.177 9.59642 11.305 12.7454 9.47597 
0.466 10.2119 9.66006 11.2642 12.5774 9.4077 
0.467 10.3364 9.59285 11.1543 12.6422 9.55508 
0.468 10.349 9.66517 11.2448 12.6794 9.42405 
0.469 10.4547 9.64263 11.1487 12.7044 9.4189 
0.47 10.397 9.72399 11.1705 12.7111 9.37987 
0.471 10.3383 9.75437 11.1096 12.5971 9.36905 
0.472 10.3339 9.62335 11.092 12.6 9.23836 
0.473 10.3633 9.54959 11.1311 12.5894 9.16898 
0.474 10.3418 9.63887 11.0434 12.6811 9.11993 
0.475 10.4114 9.4748 11.0139 12.6721 9.19919 
0.476 10.3267 9.49903 10.9893 12.7237 9.13728 
0.477 10.1585 9.59065 11.0487 12.6729 9.14882 
0.478 10.1023 9.52749 11.1616 12.6951 9.09833 
0.479 10.0922 9.54757 11.2018 12.7543 9.14957 
0.48 10.0777 9.58643 11.2762 12.8221 9.16103 
0.481 10.095 9.5518 11.3735 12.8104 9.15893 
0.482 10.0786 9.53518 11.3668 12.9467 9.19916 
0.483 10.0877 9.5297 11.2598 12.9536 9.2096 
0.484 10.1743 9.57873 11.1537 12.9692 9.15633 
0.485 10.1568 9.50329 11.0407 13.1051 9.16394 
0.486 10.2203 9.48713 11.1373 13.2553 9.29968 
0.487 10.255 9.48547 11.0879 13.2836 9.31132 
0.488 10.1744 9.4454 11.0988 13.1161 9.2607 
0.489 10.1511 9.46335 11.1404 13.1436 9.26925 
0.49 10.2783 9.34276 11.0161 13.122 9.34285 
0.491 10.2427 9.31837 11.1028 13.1645 9.33973 
0.492 10.3991 9.31697 11.0555 13.1851 9.38299 
0.493 10.4126 9.33095 10.9632 13.1597 9.36168 
0.494 10.3736 9.24523 10.9495 13.0409 9.36593 
0.495 10.2702 9.26204 10.9518 12.9091 9.36028 
0.496 10.3308 9.27952 10.8811 12.8246 9.30768 
0.497 10.3297 9.20035 10.8323 12.9654 9.42505 
0.498 10.3767 9.14723 10.7364 12.9578 9.40519 
0.499 10.3268 9.13994 10.7866 13.0397 9.47184 
0.5 10.2834 9.203 10.884 13.0365 9.5295 
0.501 10.276 9.18808 10.9146 13.1814 9.53008 
0.502 10.2343 9.33146 10.9483 13.142 9.53328 
0.503 10.2162 9.33338 11.0131 13.2298 9.4763 
0.504 10.2931 9.31274 11.0042 13.1008 9.49427 
0.505 10.3942 9.32625 10.9935 13.0575 9.57935 
0.506 10.4129 9.30482 10.8749 13.0863 9.52737 
0.507 10.4763 9.27799 10.8476 13.0784 9.49755 
0.508 10.6031 9.21124 10.8781 13.1071 9.41304 
0.509 10.575 9.15173 10.9241 13.0712 9.45407 
0.51 10.5986 9.21109 11.025 13.0754 9.45566 
0.511 10.6163 9.22554 11.1368 13.133 9.37933 
0.512 10.6256 9.23367 11.0628 13.1041 9.29546 
0.513 10.5369 9.30422 11.0366 13.1446 9.26882 
0.514 10.4664 9.23998 11.1121 12.9599 9.2039 
0.515 10.4122 9.20216 11.0293 13.0102 9.17206 
0.516 10.4251 9.15092 10.9738 13.0896 9.26448 
0.517 10.3144 9.05418 10.9716 13.1001 9.29925 
0.518 10.3076 9.0546 10.8805 13.089 9.27666 
0.519 10.1932 9.04265 10.8568 13.0692 9.1963 
0.52 10.2102 9.02983 10.8749 13.1174 9.25119 
0.521 10.2576 9.04527 10.8842 12.9348 9.30481 
0.522 10.2408 9.05459 10.8101 12.8699 9.12648 
0.523 10.3018 9.10965 10.7857 12.9055 9.18772 
0.524 10.1573 9.05538 10.693 12.9617 9.17796 
0.525 10.0197 8.94968 10.7562 13.0881 9.25738 
0.526 10.0894 8.95642 10.7657 13.1093 9.12555 
0.527 10.0167 8.97977 10.8046 12.9974 9.03356 
0.528 9.99253 8.93171 10.7709 12.9387 8.9921 
0.529 9.95151 9.01753 10.7037 12.9969 8.93812 
0.53 10.0383 8.96199 10.9031 13.0505 8.81214 
0.531 10.0154 9.00292 10.8425 13.0982 8.78455 
0.532 10.0143 8.93377 10.833 13.1296 8.82001 
0.533 9.97623 8.89065 10.8554 13.0248 8.78179 
0.534 10.0373 8.92445 10.7619 12.9791 8.81748 
0.535 9.94112 8.9258 10.738 12.888 8.84599 
0.536 9.97039 8.98574 10.6001 13.0409 8.867 
0.537 9.92915 9.05019 10.6278 13.0349 8.84941 
0.538 9.93816 9.13214 10.5957 12.9877 8.86084 
0.539 9.93051 9.08926 10.6062 13.0989 8.79572 
0.54 10.0015 9.10412 10.6638 13.2595 8.77015 
0.541 10.0926 9.02975 10.6986 13.3039 8.75303 
0.542 10.0874 9.07732 10.7569 13.1911 8.7223 
0.543 10.1249 9.10284 10.9133 13.2427 8.70069 
0.544 10.1152 9.10926 11.0657 13.1644 8.7467 
0.545 10.093 9.05732 11.0508 13.2183 8.78044 
0.546 10.1536 9.05363 11.1308 13.3842 8.68481 
0.547 10.0493 9.11679 11.1576 13.2078 8.67338 
0.548 10.0671 9.12234 11.1021 13.2567 8.6344 
0.549 10.0192 9.06694 11.0889 13.2151 8.63084 
0.55 9.92102 9.0041 11.0533 13.2271 8.64374 
0.551 9.91645 9.10466 11.0727 13.2047 8.59681 
0.552 9.96747 9.21352 11.1667 13.277 8.70459 
0.553 9.90662 9.29799 11.116 13.3197 8.71874 
0.554 9.83624 9.3573 11.2675 13.2788 8.75552 
0.555 9.84912 9.37825 11.4039 13.2744 8.74188 
0.556 9.80494 9.37197 11.4044 13.2252 8.64966 
0.557 9.82345 9.41051 11.2966 13.2078 8.61845 
0.558 9.88996 9.43225 11.266 13.2892 8.57075 
0.559 9.91007 9.56981 11.2884 13.2288 8.56043 
0.56 9.91751 9.54531 11.3157 13.1562 8.53771 
0.561 9.86776 9.46108 11.2626 13.1509 8.59814 
0.562 9.86417 9.39495 11.2035 13.0644 8.60816 
0.563 9.91094 9.35399 11.1373 13.1284 8.49174 
0.564 9.86735 9.33539 11.062 13.1555 8.38592 
0.565 9.84751 9.2979 11.0807 13.1189 8.27093 
0.566 9.87392 9.325 11.0225 13.0434 8.35845 
0.567 9.9666 9.30818 11.008 12.9811 8.2932 
0.568 9.93714 9.25041 10.9359 12.8381 8.32453 
0.569 9.88308 9.21294 10.9565 13.0323 8.28505 
0.57 9.92269 9.13833 10.8227 12.9951 8.25815 
0.571 9.805 9.12359 10.8351 12.8885 8.22234 
0.572 9.86444 9.09526 10.7695 12.7862 8.19016 
0.573 9.98513 9.0922 10.8267 12.7068 8.22965 
0.574 9.98136 9.10079 10.8315 12.5951 8.10545 
0.575 9.91534 9.02756 10.7709 12.549 8.08545 
0.576 9.88072 8.95844 10.7902 12.4818 8.16318 
0.577 9.88958 8.90805 10.8124 12.5655 8.18181 
0.578 9.71456 8.92706 10.8399 12.3513 8.20228 
0.579 9.72806 8.91622 10.9239 12.4265 8.06302 
0.58 9.78109 8.84414 10.9224 12.4467 8.05533 
0.581 9.80486 8.93116 10.9041 12.4895 8.06944 
0.582 9.82113 8.92911 10.9505 12.5075 8.06418 
0.583 9.84063 8.90459 10.9207 12.5613 8.06292 
0.584 9.86746 8.92786 10.9184 12.368 8.13815 
0.585 9.89559 8.99498 10.9439 12.4144 8.14689 
0.586 9.86779 9.07219 10.9183 12.3251 8.17815 
0.587 10.0101 9.17666 10.8321 12.2012 8.18993 
0.588 9.98042 9.16488 10.7555 12.275 8.22646 
0.589 9.99864 9.1478 10.9218 12.3851 8.19774 
0.59 10.0849 9.08466 11.0001 12.3819 8.16643 
0.591 10.0383 9.04309 11.1365 12.3862 8.09908 
0.592 10.0712 9.15861 11.1578 12.4555 8.18258 
0.593 10.0879 9.11623 11.1677 12.5414 8.22366 
0.594 10.0995 9.11711 11.0532 12.5278 8.28763 
0.595 10.1556 9.15308 11.1139 12.5327 8.2868 
0.596 10.2486 9.17309 11.1567 12.5503 8.22903 
0.597 10.2459 9.21469 11.194 12.521 8.24057 
0.598 10.2652 9.23626 11.1617 12.5576 8.20814 
0.599 10.2759 9.24356 11.1998 12.4895 8.2658 
0.6 10.1958 9.29342 11.1152 12.5215 8.31822 
0.601 10.1407 9.32189 11.0871 12.5388 8.21998 
0.602 10.1705 9.37912 11.02 12.5331 8.22456 
0.603 10.2168 9.3159 11.1141 12.6599 8.21592 
0.604 10.2791 9.23068 11.0708 12.5951 8.18102 
0.605 10.2632 9.24431 10.9961 12.5556 8.17097 
0.606 10.2738 9.29681 11.0393 12.5511 8.15268 
0.607 10.3313 9.42567 10.9417 12.6271 8.12633 
0.608 10.3398 9.51381 10.9504 12.5808 8.1045 
0.609 10.2145 9.41142 10.9702 12.6615 8.08674 
0.61 10.1904 9.42612 11.0508 12.7455 8.08974 
0.611 10.1502 9.33048 11.2247 12.6755 8.04522 
0.612 10.2011 9.28233 11.0704 12.6475 8.06588 
0.613 10.1669 9.35296 11.0706 12.5938 7.95894 
0.614 10.1753 9.35541 11.0014 12.5337 7.96726 
0.615 10.1824 9.28927 10.9514 12.6397 7.95283 
0.616 10.2378 9.27086 11.0028 12.6234 8.04612 
0.617 10.3059 9.31022 11.0446 12.5829 8.08243 
0.618 10.3724 9.25477 10.9869 12.5333 8.08849 
0.619 10.2525 9.22381 10.8506 12.4818 8.06451 
0.62 10.264 9.17432 10.9162 12.3377 8.03431 
0.621 10.2178 9.14056 10.9862 12.298 8.10917 
0.622 10.2332 9.10593 11.0094 12.2637 8.08136 
0.623 10.3612 9.27274 10.9794 12.4127 8.0168 
0.624 10.5461 9.29231 11.0084 12.3293 8.06453 
0.625 10.4471 9.3606 11.0382 12.1813 8.14108 
0.626 10.4268 9.45076 11.1579 12.3781 8.19084 
0.627 10.495 9.45806 11.1489 12.3777 8.15828 
0.628 10.6001 9.49002 11.2356 12.5312 8.12674 
0.629 10.6378 9.46341 11.2816 12.527 8.19136 
0.63 10.6994 9.46726 11.2539 12.4497 8.25235 
0.631 10.7031 9.34787 11.1928 12.408 8.20941 
0.632 10.7151 9.26816 11.2381 12.4153 8.27882 
0.633 10.5218 9.26313 11.2617 12.4535 8.30714 
0.634 10.55 9.24476 11.3984 12.4698 8.24041 
0.635 10.5795 9.2169 11.2954 12.5675 8.25829 
0.636 10.5948 9.27969 11.4103 12.6214 8.18408 
0.637 10.5622 9.23968 11.3712 12.6065 8.25777 
0.638 10.6762 9.24539 11.4262 12.6512 8.29582 
0.639 10.7039 9.21853 11.3417 12.4344 8.24048 
0.64 10.7314 9.26096 11.3439 12.6008 8.21577 
0.641 10.6584 9.32483 11.1645 12.683 8.20518 
0.642 10.6404 9.34717 11.1333 12.6671 8.1627 
0.643 10.7484 9.42666 11.2106 12.7016 8.13794 
0.644 10.8348 9.49437 11.3209 12.714 8.07468 
0.645 10.8469 9.64055 11.1698 12.7396 8.0917 
0.646 10.8217 9.66708 11.0802 12.6786 7.9962 
0.647 10.8784 9.58758 11.1575 12.8947 8.02169 
0.648 10.7981 9.55957 11.144 12.7731 8.00091 
0.649 10.8493 9.53899 11.182 12.7945 7.89499 
0.65 10.9155 9.44702 11.1708 12.8598 7.88066 
0.651 10.909 9.47326 11.3567 12.9595 7.77209 
0.652 10.9888 9.47035 11.3679 12.9712 7.74257 
0.653 10.9199 9.47894 11.4423 13.0187 7.6608 
0.654 11.0132 9.52403 11.4944 12.9753 7.6304 
0.655 10.997 9.51693 11.4725 12.9993 7.57835 
0.656 11.0288 9.60179 11.4765 13.0004 7.58962 
0.657 11.0186 9.62674 11.3524 13.0257 7.66415 
0.658 11.0498 9.58662 11.3879 13.0357 7.65157 
0.659 11.0176 9.52791 11.3474 13.1385 7.64252 
0.66 11.0154 9.65418 11.3181 13.1215 7.62383 
0.661 11.0482 9.61563 11.2861 13.1513 7.55355 
0.662 11.1182 9.60323 11.3115 13.382 7.57699 
0.663 11.0674 9.58526 11.3124 13.391 7.50651 
0.664 11.0562 9.59401 11.4208 13.3935 7.46641 
0.665 11.0269 9.54621 11.4944 13.4061 7.39519 
0.666 11.0737 9.58127 11.4549 13.3794 7.43158 
0.667 11.1701 9.57993 11.4863 13.3508 7.47194 
0.668 11.2836 9.64556 11.4455 13.2697 7.49072 
0.669 11.2522 9.59239 11.4885 13.3451 7.50031 
0.67 11.222 9.626 11.4071 13.2635 7.46921 
0.671 11.2923 9.62639 11.4916 13.3508 7.39646 
0.672 11.4263 9.60144 11.602 13.2799 7.45262 
0.673 11.4887 9.53745 11.5786 13.33 7.44509 
0.674 11.4494 9.58492 11.6362 13.3596 7.39776 
0.675 11.4493 9.67863 11.649 13.3723 7.46958 
0.676 11.4553 9.73798 11.7381 13.4076 7.49702 
0.677 11.4026 9.70511 11.7232 13.4878 7.47499 
0.678 11.4648 9.75887 11.7581 13.4843 7.53125 
0.679 11.5337 9.73571 11.9164 13.493 7.42205 
0.68 11.542 9.64503 11.8664 13.5383 7.45795 
0.681 11.5558 9.76212 11.9144 13.5885 7.42753 
0.682 11.5483 9.77264 11.9463 13.7555 7.47163 
0.683 11.5108 9.78014 11.924 13.6915 7.45047 
0.684 11.4501 9.74135 11.9889 13.7664 7.45419 
0.685 11.496 9.63236 11.9965 13.5527 7.42239 
0.686 11.4659 9.55196 12.0035 13.6058 7.42803 
0.687 11.4503 9.50713 12.2289 13.5364 7.45434 
0.688 11.4437 9.45527 12.1166 13.6039 7.40537 
0.689 11.503 9.42493 12.1614 13.6748 7.40478 
0.69 11.4495 9.33657 12.1604 13.7936 7.30651 
0.691 11.4426 9.35725 12.1871 13.9519 7.27963 
0.692 11.4546 9.37045 12.1886 14.0105 7.27092 
0.693 11.4771 9.38796 12.237 13.9212 7.21803 
0.694 11.3978 9.26995 12.2149 13.9148 7.20736 
0.695 11.3985 9.31935 12.3824 13.9518 7.14695 
0.696 11.3138 9.26751 12.3997 13.9268 7.17611 
0.697 11.3708 9.19488 12.3269 13.9016 7.18488 
0.698 11.3762 9.14509 12.3738 13.9334 7.1548 
0.699 11.3404 9.14984 12.3544 13.9274 7.19582 
0.7 11.2479 9.14305 12.4053 13.9506 7.1361 
0.701 11.3659 9.09719 12.3828 14.1 7.14257 
0.702 11.4474 9.05877 12.4975 14.0855 7.17826 
0.703 11.5937 9.12862 12.4882 14.0805 7.19684 
0.704 11.5836 9.18897 12.564 14.0592 7.21064 
0.705 11.5655 9.25218 12.7213 14.0298 7.20454 
0.706 11.6399 9.17029 12.6585 13.9826 7.20824 
0.707 11.6984 9.18928 12.72 13.9204 7.1648 
0.708 11.7341 9.14353 12.6749 13.8805 7.20271 
0.709 11.6522 9.0765 12.766 13.7736 7.22625 
0.71 11.7291 9.11729 12.7238 13.8773 7.24997 
0.711 11.6534 9.03742 12.8205 13.875 7.35163 
0.712 11.7356 9.04071 12.7219 13.9709 7.27594 
0.713 11.7105 9.03692 12.7446 13.9896 7.3689 
0.714 11.5747 9.06895 12.5869 13.8567 7.38157 
0.715 11.6426 9.07873 12.5297 13.8266 7.4399 
0.716 11.6488 9.08827 12.5039 13.8478 7.43866 
0.717 11.6131 9.0773 12.5067 13.8153 7.53684 
0.718 11.6305 9.09316 12.4549 13.8275 7.53201 
0.719 11.5377 9.27463 12.5718 13.7319 7.5774 
0.72 11.4882 9.22656 12.5944 13.667 7.53021 
0.721 11.4614 9.18576 12.4866 13.7849 7.51 
0.722 11.4522 9.1806 12.3254 13.8415 7.48839 
0.723 11.4391 9.14915 12.2741 13.8089 7.45767 
0.724 11.4241 9.20722 12.2369 13.9061 7.44397 
0.725 11.3528 9.19454 12.3094 13.9354 7.42312 
0.726 11.3219 9.21013 12.2528 14.0978 7.43107 
0.727 11.5681 9.24244 12.2532 14.0304 7.47758 
0.728 11.5169 9.26984 12.2656 13.9841 7.44479 
0.729 11.4947 9.24296 12.1672 13.9189 7.45681 
0.73 11.6372 9.29716 12.2242 13.9385 7.43791 
0.731 11.6741 9.30288 12.2927 13.967 7.44071 
0.732 11.6771 9.27644 12.2428 14.1261 7.37016 
0.733 11.8077 9.29431 12.1387 14.1783 7.42015 
0.734 11.8451 9.25708 12.1723 14.1253 7.42235 
0.735 11.9663 9.26366 12.1902 14.1745 7.39659 
0.736 11.9288 9.29838 12.1534 14.2447 7.40788 
0.737 11.9055 9.31892 12.1117 14.3325 7.39068 
0.738 11.9437 9.39913 12.1557 14.4141 7.31749 
0.739 11.8511 9.28324 11.9755 14.4834 7.28037 
0.74 11.778 9.273 11.8621 14.4803 7.30931 
0.741 11.9331 9.35417 11.8626 14.5443 7.30617 
0.742 11.9807 9.45994 11.8616 14.7227 7.19495 
0.743 12.0092 9.43869 11.816 14.7963 7.15629 
0.744 12.1066 9.44561 11.9647 14.9273 7.10972 
0.745 12.155 9.48725 12.0492 14.787 7.11233 
0.746 12.0366 9.5357 12.0591 14.7392 7.10638 
0.747 11.8426 9.60424 12.0482 14.7552 7.14761 
0.748 11.8686 9.58878 12.011 14.7234 7.15778 
0.749 11.9217 9.68477 11.8756 14.7775 7.14579 
0.75 11.9559 9.73045 11.9956 14.8161 7.27137 
0.751 11.9605 9.67933 12.0315 14.6804 7.28558 
0.752 11.8966 9.67221 11.9871 14.4786 7.33393 
0.753 11.7966 9.64043 12.0474 14.5164 7.34338 
0.754 11.7775 9.65622 12.1526 14.5013 7.4043 
0.755 11.8034 9.67101 12.1314 14.4988 7.39981 
0.756 11.8595 9.71662 12.1631 14.4551 7.39613 
0.757 11.9393 9.716 12.1147 14.3598 7.36448 
0.758 11.9889 9.7254 12.0107 14.2402 7.37441 
0.759 12.1171 9.76546 11.8541 14.1969 7.39034 
0.76 12.1235 9.87197 11.9399 14.2413 7.43567 
0.761 12.0637 9.79856 11.8247 14.1783 7.35862 
0.762 12.0821 9.63406 11.8189 14.0773 7.36837 
0.763 12.017 9.52831 11.7404 14.0043 7.35689 
0.764 11.8376 9.55536 11.91 13.9524 7.31633 
0.765 11.7839 9.55138 11.8796 13.8647 7.3424 
0.766 11.8066 9.50821 11.7433 13.8243 7.34028 
0.767 11.8467 9.54715 11.8519 13.897 7.24054 
0.768 11.9111 9.52431 11.8426 13.9262 7.21721 
0.769 11.9555 9.47561 11.7397 14.0373 7.27608 
0.77 11.9755 9.55512 11.7144 13.9806 7.33622 
0.771 11.9726 9.51561 11.6662 14.0319 7.34256 
0.772 11.8821 9.50594 11.7249 14.0225 7.37515 
0.773 11.809 9.34748 11.6861 14.046 7.37325 
0.774 11.74 9.40671 11.817 14.0386 7.31923 
0.775 11.7783 9.33525 11.8072 14.016 7.38902 
0.776 11.7883 9.23824 11.9657 13.8533 7.35128 
0.777 11.6966 9.32327 12.0621 13.8505 7.29951 
0.778 11.5917 9.32248 11.9926 13.7804 7.21699 
0.779 11.6436 9.43779 12.0213 13.7115 7.16758 
0.78 11.6849 9.4543 11.9044 13.8023 7.12701 
0.781 11.7092 9.38347 11.9076 13.8632 7.07127 
0.782 11.6775 9.20356 11.8478 13.8111 7.12208 
0.783 11.7271 9.1533 11.7233 13.8763 7.22361 
0.784 11.7833 9.15037 11.6988 13.8483 7.23987 
0.785 11.8477 9.15674 11.6409 13.8997 7.26856 
0.786 11.8212 9.08027 11.7315 13.9064 7.29437 
0.787 11.7191 9.1315 11.7911 14.0276 7.28691 
0.788 11.7462 9.04676 11.7991 13.9331 7.33768 
0.789 11.6684 9.02431 11.7952 13.7895 7.26316 
0.79 11.6114 9.0014 11.702 13.7648 7.25329 
0.791 11.5991 9.01219 11.7283 13.8029 7.2687 
0.792 11.5602 9.03116 11.7274 13.6811 7.20873 
0.793 11.5757 9.04418 11.8853 13.8273 7.23028 
0.794 11.5988 9.15275 11.8032 13.9525 7.14098 
0.795 11.5557 9.22992 11.8101 14.0236 7.11148 
0.796 11.4421 9.25778 11.7504 14.0475 7.16871 
0.797 11.4218 9.33783 11.7452 14.0614 7.13384 
0.798 11.3737 9.2748 11.8336 13.9542 7.15226 
0.799 11.3886 9.30738 11.7757 13.9447 7.18411 
0.8 11.3125 9.39503 11.7371 13.9432 7.18074 
0.801 11.2585 9.38084 11.7161 13.9712 7.12413 
0.802 11.2646 9.38693 11.5871 13.9098 7.17035 
0.803 11.207 9.26761 11.574 13.8759 7.15401 
0.804 11.2137 9.28992 11.5442 13.8452 7.1116 
0.805 11.2544 9.41284 11.4266 13.8589 7.13126 
0.806 11.2029 9.40112 11.3409 13.8871 7.08478 
0.807 11.2342 9.4466 11.2744 13.8533 7.04392 
0.808 11.3121 9.41328 11.1858 13.8742 7.11043 
0.809 11.321 9.43138 11.137 13.8689 7.10843 
0.81 11.2568 9.41688 11.1398 13.6931 7.15116 
0.811 11.2257 9.41358 11.1379 13.6602 7.11216 
0.812 11.2816 9.3398 11.1083 13.5788 7.18941 
0.813 11.313 9.33705 11.053 13.6234 7.1213 
0.814 11.3814 9.33264 11.0915 13.5842 7.11481 
0.815 11.4126 9.26571 11.2071 13.445 7.15324 
0.816 11.468 9.26903 11.3486 13.3929 7.17992 
0.817 11.4911 9.15897 11.4697 13.5424 7.15926 
0.818 11.6424 9.22131 11.3728 13.4404 7.14585 
0.819 11.6258 9.20322 11.2869 13.3945 7.06363 
0.82 11.7633 9.12923 11.2849 13.5931 7.08081 
0.821 11.6672 8.97017 11.2444 13.5491 7.09394 
0.822 11.734 8.95456 11.3117 13.5316 7.15735 
0.823 11.74 8.95729 11.394 13.4792 7.18694 
0.824 11.7131 8.93141 11.2867 13.4185 7.1652 
0.825 11.7491 8.98696 11.326 13.3894 7.11334 
0.826 11.7842 9.05148 11.3562 13.4042 7.06024 
0.827 11.7075 8.98367 11.24 13.306 6.94698 
0.828 11.8023 8.97655 11.34 13.3207 6.94023 
0.829 11.8888 8.92418 11.2818 13.206 6.99957 
0.83 11.9739 8.96378 11.2962 13.1487 7.02403 
0.831 12.0899 8.95299 11.2472 13.15 6.98929 
0.832 12.1009 8.89082 11.2188 13.1618 6.94272 
0.833 12.1731 8.91697 11.2432 13.2329 7.03906 
0.834 12.2244 8.87937 11.1678 13.2274 7.03669 
0.835 12.2231 8.87269 11.1748 13.2525 7.02928 
0.836 12.2644 8.90026 11.1461 13.3974 7.02462 
0.837 12.3543 8.95895 11.1073 13.4278 7.00074 
0.838 12.3248 8.91482 11.218 13.3891 7.02441 
0.839 12.3274 8.933 11.2671 13.2585 7.02133 
0.84 12.4695 8.92595 11.2685 13.2385 7.06028 
0.841 12.3818 8.84739 11.2936 13.3433 7.00074 
0.842 12.353 8.79232 11.2942 13.4911 7.05742 
0.843 12.4738 8.75912 11.3322 13.3992 7.01496 
0.844 12.436 8.73102 11.4187 13.4301 7.00363 
0.845 12.3911 8.80305 11.4755 13.3836 6.9285 
0.846 12.415 8.80621 11.496 13.3605 6.8715 
0.847 12.3353 8.85407 11.433 13.3277 6.84707 
0.848 12.4907 8.77068 11.5054 13.2906 6.90951 
0.849 12.3871 8.78532 11.4861 13.2709 6.96979 
0.85 12.4286 8.76608 11.4375 13.2971 6.94021 
0.851 12.444 8.75828 11.4043 13.2458 6.92425 
0.852 12.4763 8.68023 11.4215 13.2038 6.96432 
0.853 12.4556 8.69021 11.3457 13.1197 6.88431 
0.854 12.4227 8.6059 11.5155 13.0604 6.81969 
0.855 12.3986 8.45169 11.4767 13.1594 6.83951 
0.856 12.4532 8.45249 11.3874 13.129 6.87259 
0.857 12.4016 8.41209 11.354 13.1888 6.89164 
0.858 12.4268 8.48905 11.3993 13.1369 6.86316 
0.859 12.3651 8.60328 11.3159 13.2082 6.86095 
0.86 12.2665 8.55245 11.3127 13.288 6.76895 
0.861 12.254 8.6407 11.3914 13.3503 6.7076 
0.862 12.291 8.68698 11.4372 13.3518 6.69002 
0.863 12.2692 8.67462 11.2759 13.238 6.6926 
0.864 12.2922 8.65797 11.1533 13.3403 6.73205 
0.865 12.2356 8.70092 11.0979 13.5299 6.81098 
0.866 12.2648 8.61709 11.0013 13.6226 6.85208 
0.867 12.225 8.62737 10.9652 13.7062 6.83347 
0.868 12.253 8.64243 10.9236 13.8699 6.85875 
0.869 12.1647 8.67761 10.9765 13.8419 6.80611 
0.87 12.162 8.68002 11.0522 13.7753 6.7995 
0.871 12.0479 8.65781 11.0121 13.7411 6.77145 
0.872 12.0272 8.67794 11.0301 13.9415 6.81773 
0.873 11.9277 8.67466 10.9854 14.0106 6.80337 
0.874 11.8558 8.57754 10.9255 14.1497 6.77211 
0.875 11.9358 8.60174 10.9256 14.1215 6.74905 
0.876 11.8905 8.62269 10.9362 14.2133 6.76715 
0.877 11.9532 8.67163 10.8974 14.2332 6.73294 
0.878 11.8803 8.68411 10.8092 14.1943 6.71797 
0.879 12.0325 8.62229 10.7271 14.1655 6.75229 
0.88 11.9944 8.66059 10.7897 14.0056 6.7393 
0.881 11.9894 8.74461 10.8592 13.886 6.79909 
0.882 11.9891 8.67027 10.8447 13.8182 6.77965 
0.883 12.0388 8.60052 10.8392 13.7979 6.79749 
0.884 12.0159 8.60506 10.9077 13.9084 6.79982 
0.885 12.0017 8.55243 10.9688 13.8154 6.81965 
0.886 12.1707 8.53507 10.9886 13.8725 6.80219 
0.887 12.1287 8.62104 11.0546 13.7452 6.75655 
0.888 12.2017 8.61417 10.9773 13.6789 6.86854 
0.889 12.1372 8.54732 10.8562 13.6796 6.90203 
0.89 12.2359 8.57616 10.742 13.6402 6.86071 
0.891 12.1962 8.60491 10.7329 13.5643 6.92318 
0.892 12.1604 8.64472 10.7691 13.4348 6.90644 
0.893 12.1114 8.61224 10.7741 13.4498 6.83213 
0.894 12.2164 8.58594 10.8408 13.4585 6.84376 
0.895 12.2726 8.64148 10.8432 13.4598 6.86878 
0.896 12.214 8.70642 10.8276 13.573 6.91099 
0.897 12.24 8.68112 10.8908 13.5328 6.8411 
0.898 12.2262 8.71772 11.0355 13.5661 6.82307 
0.899 12.2871 8.71311 10.9796 13.5273 6.83636 
0.9 12.351 8.73439 11.0087 13.6523 6.91236 
0.901 12.2872 8.71475 10.8618 13.5657 6.84406 
0.902 12.3962 8.69453 10.8016 13.5811 6.88703 
0.903 12.4083 8.61768 10.8045 13.4273 6.87099 
0.904 12.3971 8.55906 10.6903 13.3968 6.95202 
0.905 12.3105 8.53301 10.6978 13.3858 6.90071 
0.906 12.3411 8.61495 10.6739 13.4006 6.92822 
0.907 12.327 8.59422 10.7018 13.3587 6.86531 
0.908 12.3438 8.63553 10.6585 13.4148 6.79488 
0.909 12.4061 8.62566 10.7659 13.5038 6.8274 
0.91 12.5522 8.58463 10.7592 13.5702 6.76433 
0.911 12.6033 8.62524 10.834 13.5983 6.80436 
0.912 12.6713 8.61155 10.8067 13.541 6.92308 
0.913 12.576 8.67079 10.5791 13.7447 6.91677 
0.914 12.4988 8.66313 10.5572 13.6826 6.86602 
0.915 12.5018 8.697 10.6163 13.6176 6.90609 
0.916 12.4926 8.74343 10.594 13.5385 6.93212 
0.917 12.681 8.65777 10.6216 13.5391 6.92838 
0.918 12.5844 8.75454 10.5378 13.4664 6.96864 
0.919 12.6354 8.74882 10.4915 13.5144 7.00561 
0.92 12.634 8.67588 10.4724 13.5552 7.06045 
0.921 12.6976 8.73805 10.4566 13.4785 7.10001 
0.922 12.6217 8.79777 10.4024 13.5306 7.01259 
0.923 12.4193 8.7663 10.429 13.4225 6.98684 
0.924 12.4387 8.7824 10.3321 13.3938 6.98836 
0.925 12.4427 8.80207 10.3028 13.4596 6.96334 
0.926 12.2711 8.75756 10.3447 13.2942 6.99002 
0.927 12.2101 8.72459 10.256 13.2621 6.89778 
0.928 12.0079 8.72757 10.1699 13.2318 6.91399 
0.929 12.0191 8.69354 10.1741 13.2762 6.81355 
0.93 12.0042 8.77025 10.123 13.2103 6.77017 
0.931 12.0534 8.80048 10.1444 13.2281 6.75037 
0.932 12.079 8.75773 10.0711 13.1133 6.79765 
0.933 12.1826 8.70392 10.1292 13.098 6.79894 
0.934 12.1968 8.74058 10.0744 13.2624 6.84138 
0.935 12.1548 8.7052 10.0486 13.198 6.87549 
0.936 12.2313 8.6489 10.0645 13.0845 6.96653 
0.937 12.2148 8.64293 9.98184 13.1393 6.99079 
0.938 12.1883 8.62819 9.96111 13.1397 7.04281 
0.939 12.147 8.71536 9.95623 13.3138 7.06332 
0.94 12.0134 8.68016 9.92393 13.3234 7.12708 
0.941 11.9046 8.64903 9.88567 13.362 7.11428 
0.942 11.986 8.61496 9.89147 13.4238 7.12305 
0.943 12.0397 8.65691 9.7539 13.4649 7.09915 
0.944 12.2166 8.6255 9.64849 13.454 7.11866 
0.945 12.2965 8.56135 9.61121 13.4836 7.1644 
0.946 12.3294 8.56403 9.55246 13.4229 7.1789 
0.947 12.3253 8.59931 9.59829 13.5888 7.18795 
0.948 12.3205 8.60522 9.71851 13.5372 7.16752 
0.949 12.2401 8.6509 9.77587 13.5628 7.20834 
0.95 12.3622 8.6984 9.78141 13.5244 7.27484 
0.951 12.2905 8.80589 9.73795 13.5258 7.24403 
0.952 12.1692 8.84465 9.62175 13.4991 7.257 
0.953 12.1251 8.7948 9.5708 13.4227 7.27012 
0.954 12.2 8.75865 9.45257 13.338 7.28345 
0.955 12.19 8.77156 9.36638 13.1896 7.21055 
0.956 12.1698 8.7934 9.30768 13.3725 7.23743 
0.957 12.1813 8.7827 9.14077 13.1708 7.20456 
0.958 12.1732 8.79381 9.15103 13.2024 7.25737 
0.959 12.1301 8.84907 9.09583 13.2653 7.25841 
0.96 12.1178 8.80949 9.08172 13.2899 7.28381 
0.961 12.0318 8.7885 9.07448 13.3609 7.19098 
0.962 11.9011 8.78517 9.01991 13.3452 7.17335 
0.963 11.98 8.85806 9.03814 13.3835 7.12344 
0.964 11.8932 8.76882 9.12281 13.2187 7.13226 
0.965 11.9843 8.70984 9.20566 13.1968 7.14376 
0.966 12.0514 8.6487 9.26532 13.2471 7.1728 
0.967 12.1311 8.54659 9.14472 13.1579 7.13908 
0.968 12.119 8.4782 9.0031 13.1159 7.07092 
0.969 12.1152 8.40222 9.00645 13.284 7.07659 
0.97 12.0902 8.41486 8.94909 13.1215 7.07421 
0.971 12.0264 8.3434 8.96749 13.0647 7.0696 
0.972 12.0054 8.35926 9.01976 13.0052 7.0084 
0.973 11.8389 8.37524 9.01386 12.8489 7.05043 
0.974 11.7783 8.37011 8.95531 12.8994 7.02328 
0.975 11.8519 8.47219 9.06485 12.8281 7.04036 
0.976 11.8518 8.44525 9.07272 12.696 7.02092 
0.977 11.7928 8.49112 9.0701 12.6607 6.96425 
0.978 11.7883 8.4707 9.05344 12.685 6.89658 
0.979 11.8266 8.41128 9.06769 12.8095 6.85425 
0.98 11.8289 8.40722 9.01711 12.6714 6.89283 
0.981 11.9766 8.38223 9.09767 12.7258 6.88024 
0.982 11.8865 8.46058 9.0727 12.8868 6.93826 
0.983 11.8181 8.45993 9.10473 12.8783 6.90223 
0.984 11.7172 8.48173 9.15378 12.9511 6.9487 
0.985 11.7773 8.54418 9.21214 13.0273 6.95842 
0.986 11.7516 8.5368 9.31357 12.9857 6.98937 
0.987 11.8478 8.5944 9.41203 12.8933 6.99154 
0.988 11.7527 8.56194 9.49411 12.8326 6.94221 
0.989 11.5295 8.55735 9.59429 12.8073 6.98642 
0.99 11.5143 8.52667 9.6141 12.8045 6.92468 
0.991 11.4863 8.49069 9.59525 12.9058 6.89801 
0.992 11.6485 8.53723 9.66738 12.9662 6.84739 
0.993 11.6786 8.5301 9.73132 13.0255 6.77918 
0.994 11.7947 8.44793 9.68149 13.0864 6.80161 
0.995 11.7549 8.44721 9.69744 13.2355 6.80531 
0.996 11.7396 8.51821 9.70097 13.231 6.86137 
0.997 11.6962 8.52339 9.64908 13.2061 6.87604 
0.998 11.6755 8.48933 9.63954 13.1979 6.93717 
0.999 11.6591 8.48714 9.75519 13.113 6.93893 
1 11.7219 8.45903 9.76974 13.1816 6.94956 
