0   0 0 0 0 0 
0.001   0.0118881 -0.0376882 -0.014404 0.00242736 -0.0351406 
0.002   0.0255051 -0.0145097 0.026749 0.0429832 0.0263585 
0.003   0.0418474 -0.0451522 0.0226192 0.0356864 0.0543575 
0.004   0.061962 -0.0545743 0.0443669 0.0121991 0.0386652 
0.005   0.0749377 -0.0420177 -0.0189527 0.0443213 0.0106732 
0.006   0.0835018 -0.0905194 -0.0281873 0.0451213 0.0104622 
0.007   0.0865873 -0.0663868 0.0212475 0.0108786 0.00970547 
0.008   0.0326402 -0.0326957 0.0312828 0.0517614 -0.0024273 
0.009   0.00743102 -0.0515713 0.0115497 0.0550176 -0.0357929 
0.01   0.0619425 -0.0663471 -0.0613174 0.102133 -0.0803095 
0.011   0.0640272 -0.0865053 -0.0623092 0.12374 -0.0516442 
0.012   0.0811702 -0.0457272 0.0109115 0.130836 -0.0329768 
0.013   0.1116 -0.0317106 0.054062 0.173556 -0.0425315 
0.014   0.0769862 -0.0324067 0.0415531 0.191249 -0.0566138 
0.015   0.0797051 -0.024577 0.0509626 0.212786 -0.0558114 
0.016   0.0776005 0.0157738 0.0625873 0.174343 -0.0341093 
0.017   0.0310863 -0.00287053 0.0351328 0.199533 -0.0307201 
0.018   0.0316811 0.0577826 0.032111 0.222009 -0.0210644 
0.019   -0.0468714 0.0604467 -0.0419175 0.263616 -0.0395821 
0.02   -0.0351558 0.0323634 -0.015028 0.300682 -0.0515869 
0.021   -0.0730579 0.0636746 -0.0137391 0.307401 -0.0798725 
0.022   -0.0908991 0.0778546 -0.0173604 0.315927 -0.070372 
0.023   -0.0702559 0.0143218 -0.0443353 0.336209 -0.0590517 
0.024   -0.0417203 0.0343617 -0.0981566 0.392018 -0.10104 
0.025   -0.00366458 0.0710302 -0.0248993 0.410325 -0.0981863 
0.026   -0.0384516 0.0407756 -0.0456108 0.370404 -0.082814 
0.027   -0.0129325 0.0796808 -0.109302 0.390934 -0.0140524 
0.028   -0.00622254 0.0995054 -0.105029 0.418598 -0.0142298 
0.029   -0.0767121 0.12149 -0.119293 0.393432 -0.0513778 
0.03   -0.114757 0.109652 -0.0924202 0.34323 -0.0334197 
0.031   -0.0566269 0.157581 -0.0889555 0.32984 -0.0631086 
0.032   -0.0665902 0.179754 -0.131179 0.308649 -0.0674742 
0.033   -0.0690115 0.157934 -0.148523 0.288408 -0.0786807 
0.034   -0.045685 0.150642 -0.200117 0.326514 -0.11219 
0.035   -0.0640188 0.113975 -0.182172 0.282423 -0.0881259 
0.036   -0.0325431 0.0826254 -0.180868 0.282141 -0.0695261 
0.037   -0.032442 0.112014 -0.168734 0.291481 -0.0767745 
0.038   0.0127514 0.138056 -0.227585 0.329237 -0.0700743 
0.039   -0.0421654 0.0958526 -0.278775 0.33658 -0.117767 
0.04   -0.0310114 0.0470802 -0.352659 0.296055 -0.147689 
0.041   -0.00193598 -0.0121705 -0.329414 0.309679 -0.202268 
0.042   -0.0164799 -0.0637325 -0.333284 0.322606 -0.190831 
0.043   0.00423868 -0.0326318 -0.340846 0.355594 -0.219156 
0.044   0.0856885 0.00763851 -0.351215 0.310427 -0.189379 
0.045   0.0708374 0.0388014 -0.344909 0.357675 -0.18212 
0.046   0.0477676 0.11534 -0.330038 0.33866 -0.200518 
0.047   0.100424 0.118658 -0.311121 0.358584 -0.205111 
0.048   0.101194 0.112406 -0.265392 0.344603 -0.163556 
0.049   0.0824598 0.085151 -0.308932 0.384117 -0.161392 
0.05   0.0952575 0.0739923 -0.282507 0.435328 -0.122579 
0.051   0.0689529 0.0717275 -0.255569 0.458918 -0.130426 
0.052   0.0237481 0.113432 -0.268157 0.451988 -0.167664 
0.053   0.0315196 0.097072 -0.26817 0.414099 -0.158297 
0.054   0.0368887 0.0249163 -0.280898 0.386623 -0.131632 
0.055   -0.00841162 0.0798598 -0.270472 0.387727 -0.14185 
0.056   0.016182 0.0570616 -0.243878 0.360919 -0.155557 
0.057   0.0117109 0.0384889 -0.244261 0.359487 -0.13653 
0.058   0.0260088 -0.00816747 -0.302132 0.403711 -0.0635221 
0.059   0.0309618 -0.0141783 -0.282109 0.416175 -0.0243006 
0.06   -0.0135223 -0.0334053 -0.304563 0.469103 -0.0625282 
0.061   -0.0313806 -0.0915439 -0.286713 0.420424 -0.0408112 
0.062   -0.065956 -0.129092 -0.302697 0.396082 -0.0265359 
0.063   -0.0587982 -0.155595 -0.287463 0.370069 -0.0198986 
0.064   -0.0110606 -0.152208 -0.27597 0.379625 0.0677313 
0.065   0.0371924 -0.192496 -0.249586 0.347078 0.0603082 
0.066   0.0709947 -0.158324 -0.226144 0.375643 0.062916 
0.067   0.0313888 -0.171646 -0.219999 0.385483 0.084758 
0.068   0.0317553 -0.177967 -0.203442 0.39494 0.0540302 
0.069   0.0918414 -0.143231 -0.246791 0.382733 0.0815069 
0.07   0.0693525 -0.089705 -0.275025 0.428477 0.112299 
0.071   0.0592922 -0.104497 -0.275944 0.496072 0.110723 
0.072   0.0780669 -0.115434 -0.310597 0.46997 0.0922743 
0.073   0.125401 -0.169072 -0.294118 0.436286 0.106207 
0.074   0.0845473 -0.135111 -0.327115 0.410747 0.123861 
0.075   0.0924328 -0.157756 -0.315249 0.398594 0.117858 
0.076   0.0453917 -0.151866 -0.254646 0.361961 0.190725 
0.077   0.064489 -0.149074 -0.276528 0.376244 0.209332 
0.078   -0.012081 -0.194985 -0.236304 0.374468 0.20433 
0.079   -0.0249053 -0.202625 -0.228156 0.423864 0.204802 
0.08   -0.0409284 -0.203016 -0.242815 0.409123 0.178191 
0.081   -0.112831 -0.243494 -0.249999 0.361964 0.188172 
0.082   -0.14514 -0.295608 -0.223322 0.324033 0.163525 
0.083   -0.0848119 -0.293399 -0.252313 0.365098 0.170858 
0.084   -0.106118 -0.284722 -0.246403 0.335124 0.111827 
0.085   -0.139921 -0.28314 -0.253032 0.29311 0.120036 
0.086   -0.114598 -0.265439 -0.338995 0.310004 0.104883 
0.087   -0.117291 -0.300336 -0.308604 0.278996 0.0931759 
0.088   -0.0610149 -0.34144 -0.274628 0.259458 0.145452 
0.089   -0.0845902 -0.318921 -0.302532 0.266719 0.178863 
0.09   -0.10796 -0.352025 -0.275629 0.268994 0.112561 
0.091   -0.0941819 -0.397949 -0.279678 0.263329 0.150735 
0.092   -0.124682 -0.386745 -0.300566 0.246977 0.192505 
0.093   -0.0938962 -0.364281 -0.30168 0.249874 0.212185 
0.094   -0.07137 -0.291332 -0.307772 0.205368 0.184703 
0.095   -0.0385842 -0.253841 -0.271597 0.211746 0.142614 
0.096   -0.00225468 -0.23011 -0.304315 0.255548 0.216831 
0.097   0.022015 -0.248559 -0.273617 0.257263 0.22076 
0.098   0.00619383 -0.208863 -0.301735 0.26319 0.251965 
0.099   -0.00274876 -0.209493 -0.336632 0.325286 0.261901 
0.1   0.0672055 -0.217054 -0.331121 0.324653 0.289499 
0.101   0.0932084 -0.203426 -0.354129 0.325291 0.353658 
0.102   0.0907612 -0.205384 -0.355098 0.337098 0.378375 
0.103   0.0555456 -0.212583 -0.379928 0.345827 0.336242 
0.104   0.00584715 -0.244839 -0.350972 0.295682 0.378773 
0.105   0.0227465 -0.240965 -0.352141 0.257822 0.324076 
0.106   -0.0163132 -0.235151 -0.360945 0.280662 0.314485 
0.107   0.0160847 -0.239027 -0.305759 0.324899 0.314495 
0.108   0.0570337 -0.207737 -0.370816 0.290504 0.265298 
0.109   0.0806694 -0.197939 -0.331729 0.320742 0.218719 
0.11   0.138917 -0.19381 -0.364652 0.309124 0.233045 
0.111   0.112502 -0.206448 -0.301175 0.342589 0.249717 
0.112   0.116824 -0.259887 -0.335323 0.387866 0.233191 
0.113   0.161508 -0.257232 -0.312219 0.414248 0.230381 
0.114   0.108152 -0.2627 -0.269542 0.416539 0.194257 
0.115   0.116314 -0.223798 -0.220512 0.434678 0.209309 
0.116   0.127316 -0.259422 -0.239303 0.409028 0.22121 
0.117   0.126298 -0.32616 -0.184474 0.421468 0.196634 
0.118   0.157832 -0.306443 -0.168841 0.450378 0.258008 
0.119   0.226583 -0.28726 -0.0959012 0.425901 0.288709 
0.12   0.211986 -0.29842 -0.0909239 0.401088 0.254091 
0.121   0.218007 -0.286375 -0.0987339 0.399298 0.294876 
0.122   0.33516 -0.295067 -0.0475409 0.405834 0.284099 
0.123   0.354004 -0.32331 -0.0755865 0.391606 0.245787 
0.124   0.383507 -0.307913 -0.0654461 0.380833 0.274367 
0.125   0.376854 -0.301424 -0.0653554 0.391846 0.284559 
0.126   0.348417 -0.311733 -0.0923955 0.425348 0.285985 
0.127   0.326028 -0.329685 -0.0448926 0.448743 0.324164 
0.128   0.380939 -0.355049 -0.0918441 0.470794 0.286058 
0.129   0.38637 -0.338456 -0.0428677 0.472963 0.302458 
0.13   0.406717 -0.309955 -0.031508 0.472605 0.402895 
0.131   0.409624 -0.320503 -0.0238008 0.46283 0.414128 
0.132   0.452296 -0.270688 -0.0366704 0.487322 0.416652 
0.133   0.376969 -0.293533 -0.0395787 0.515436 0.403598 
0.134   0.36446 -0.236249 -0.0759453 0.533924 0.4219 
0.135   0.369975 -0.163579 -0.141524 0.507944 0.432584 
0.136   0.31224 -0.196514 -0.113833 0.47156 0.427178 
0.137   0.370301 -0.232355 -0.0994255 0.457871 0.413867 
0.138   0.369364 -0.260158 -0.0774876 0.473484 0.433613 
0.139   0.368264 -0.258688 -0.0597487 0.531992 0.362677 
0.14   0.351468 -0.253626 -0.0848428 0.516278 0.332812 
0.141   0.289333 -0.285395 -0.0326615 0.562939 0.342458 
0.142   0.296501 -0.311232 -0.0252874 0.547424 0.328785 
0.143   0.361634 -0.244724 0.00258975 0.530525 0.258693 
0.144   0.380632 -0.239614 0.0342826 0.487589 0.299573 
0.145   0.381048 -0.25416 0.109394 0.469901 0.321926 
0.146   0.371401 -0.179763 0.0959285 0.436823 0.294971 
0.147   0.378807 -0.153094 0.204965 0.472144 0.277815 
0.148   0.416901 -0.195006 0.218744 0.489914 0.302955 
0.149   0.424832 -0.204926 0.162477 0.421043 0.273412 
0.15   0.417893 -0.229035 0.183262 0.408514 0.335223 
0.151   0.428612 -0.2501 0.232384 0.374361 0.344 
0.152   0.434024 -0.255651 0.241656 0.374846 0.333654 
0.153   0.431673 -0.267617 0.291886 0.339869 0.3487 
0.154   0.410331 -0.293689 0.299657 0.385627 0.334274 
0.155   0.394339 -0.28651 0.34452 0.421326 0.345954 
0.156   0.417021 -0.303727 0.423363 0.4308 0.341952 
0.157   0.410228 -0.248306 0.362502 0.429829 0.327057 
0.158   0.389202 -0.237987 0.326421 0.446076 0.321843 
0.159   0.439204 -0.232538 0.337503 0.439547 0.350653 
0.16   0.38894 -0.266412 0.350424 0.448583 0.362424 
0.161   0.379971 -0.28052 0.378724 0.447968 0.348469 
0.162   0.341096 -0.251365 0.361718 0.409815 0.325547 
0.163   0.335746 -0.29476 0.328064 0.494922 0.374864 
0.164   0.320835 -0.341945 0.33799 0.497423 0.349516 
0.165   0.361533 -0.381637 0.347049 0.500362 0.349129 
0.166   0.304375 -0.385751 0.346255 0.514368 0.365064 
0.167   0.284924 -0.389295 0.365631 0.528278 0.396901 
0.168   0.243916 -0.40391 0.370481 0.489528 0.41277 
0.169   0.229227 -0.36779 0.353882 0.482621 0.398176 
0.17   0.25233 -0.261437 0.378552 0.497066 0.410477 
0.171   0.262023 -0.315099 0.313232 0.522373 0.407833 
0.172   0.230349 -0.253882 0.30035 0.505762 0.449473 
0.173   0.182576 -0.236497 0.296678 0.498048 0.490428 
0.174   0.168532 -0.238965 0.275113 0.499928 0.473031 
0.175   0.199899 -0.228253 0.249443 0.496137 0.491015 
0.176   0.213152 -0.220125 0.262713 0.508513 0.467878 
0.177   0.154605 -0.258244 0.225904 0.538557 0.509497 
0.178   0.1351 -0.176424 0.250149 0.460983 0.479361 
0.179   0.168034 -0.155001 0.283123 0.476836 0.476494 
0.18   0.11888 -0.103098 0.279949 0.488489 0.488725 
0.181   0.0656478 -0.12481 0.281381 0.45592 0.522841 
0.182   0.0940664 -0.131579 0.288578 0.485058 0.576405 
0.183   0.0632156 -0.175817 0.272048 0.507625 0.557297 
0.184   0.0605302 -0.229981 0.339693 0.516238 0.568592 
0.185   0.0737695 -0.225495 0.329112 0.5186 0.601238 
0.186   0.117523 -0.20235 0.347119 0.497926 0.589488 
0.187   0.142168 -0.207728 0.341917 0.500553 0.541152 
0.188   0.175953 -0.270586 0.383827 0.474472 0.475748 
0.189   0.236545 -0.274104 0.432503 0.54082 0.52349 
0.19   0.23484 -0.343192 0.446923 0.598834 0.508595 
0.191   0.262415 -0.383942 0.401357 0.581639 0.553085 
0.192   0.263222 -0.378626 0.374368 0.544848 0.612801 
0.193   0.271499 -0.39251 0.371936 0.563732 0.590649 
0.194   0.27306 -0.388431 0.367142 0.630302 0.61512 
0.195   0.285852 -0.403488 0.349649 0.598717 0.587792 
0.196   0.290501 -0.368555 0.330601 0.590045 0.593407 
0.197   0.27643 -0.404457 0.353529 0.634366 0.547392 
0.198   0.308687 -0.438361 0.372554 0.632327 0.513993 
0.199   0.281327 -0.38844 0.376945 0.621758 0.489227 
0.2   0.265465 -0.373248 0.44497 0.591189 0.480267 
0.201   0.226043 -0.402176 0.425558 0.621369 0.489707 
0.202   0.202348 -0.360122 0.383379 0.600934 0.450925 
0.203   0.234614 -0.369677 0.375086 0.59342 0.40559 
0.204   0.230419 -0.340491 0.443834 0.605745 0.395502 
0.205   0.285284 -0.324576 0.402679 0.552824 0.380117 
0.206   0.27916 -0.354321 0.404781 0.589265 0.384311 
0.207   0.284667 -0.35833 0.410178 0.583114 0.353632 
0.208   0.260865 -0.380177 0.421915 0.655177 0.367406 
0.209   0.223436 -0.42362 0.400486 0.644896 0.374426 
0.21   0.222118 -0.421717 0.409488 0.626591 0.357606 
0.211   0.266936 -0.419894 0.430603 0.558348 0.369473 
0.212   0.220383 -0.370226 0.418562 0.630173 0.363297 
0.213   0.227774 -0.326817 0.395296 0.628954 0.345905 
0.214   0.230421 -0.350786 0.3773 0.641149 0.362149 
0.215   0.253832 -0.39369 0.379296 0.597335 0.329634 
0.216   0.297767 -0.43917 0.330986 0.630769 0.411579 
0.217   0.248299 -0.45431 0.272487 0.700326 0.401345 
0.218   0.257709 -0.421005 0.251637 0.685546 0.424065 
0.219   0.288781 -0.370655 0.27673 0.692069 0.389371 
0.22   0.338053 -0.371834 0.286753 0.69834 0.370325 
0.221   0.313324 -0.362177 0.276004 0.736745 0.358708 
0.222   0.30861 -0.360495 0.267885 0.739118 0.360111 
0.223   0.254814 -0.397903 0.260682 0.722887 0.365376 
0.224   0.218268 -0.391287 0.297864 0.703323 0.337252 
0.225   0.175455 -0.389276 0.280292 0.752465 0.358238 
0.226   0.154344 -0.398048 0.265794 0.696456 0.38329 
0.227   0.159662 -0.365027 0.287422 0.671827 0.373123 
0.228   0.137556 -0.376034 0.215226 0.700431 0.365346 
0.229   0.20524 -0.362836 0.211776 0.722823 0.371151 
0.23   0.216976 -0.334747 0.242173 0.707477 0.35557 
0.231   0.286008 -0.351237 0.186647 0.700881 0.359049 
0.232   0.269454 -0.377907 0.193776 0.66974 0.385165 
0.233   0.29798 -0.346637 0.15134 0.601406 0.428392 
0.234   0.29646 -0.414038 0.205988 0.663177 0.411558 
0.235   0.33514 -0.386492 0.149412 0.697999 0.423748 
0.236   0.360591 -0.344131 0.151188 0.641885 0.379567 
0.237   0.291652 -0.340995 0.16721 0.718384 0.370377 
0.238   0.296578 -0.353282 0.145565 0.734632 0.386643 
0.239   0.302574 -0.373854 0.111771 0.730508 0.435058 
0.24   0.293342 -0.406259 0.147279 0.737721 0.378818 
0.241   0.294908 -0.460728 0.166545 0.727273 0.363071 
0.242   0.302574 -0.504279 0.171173 0.799613 0.367556 
0.243   0.341583 -0.4926 0.120293 0.763745 0.411637 
0.244   0.307727 -0.524248 0.0894992 0.759623 0.427241 
0.245   0.281232 -0.532086 0.053492 0.755226 0.432174 
0.246   0.28551 -0.523539 0.0655198 0.778392 0.426808 
0.247   0.321147 -0.557954 0.0752473 0.735162 0.401749 
0.248   0.295447 -0.57126 0.0298805 0.719224 0.433043 
0.249   0.269022 -0.588224 0.0573633 0.74712 0.417489 
0.25   0.249059 -0.612127 -0.00299633 0.744745 0.462945 
0.251   0.242254 -0.625132 0.0299163 0.694003 0.464326 
0.252   0.21688 -0.608638 0.00602766 0.729611 0.481834 
0.253   0.216079 -0.562755 0.0337448 0.756431 0.449876 
0.254   0.208248 -0.573504 0.0711782 0.761571 0.42731 
0.255   0.204942 -0.608534 0.0952139 0.842443 0.368333 
0.256   0.253097 -0.579303 0.166462 0.815135 0.370756 
0.257   0.222049 -0.562145 0.133854 0.843263 0.399654 
0.258   0.24156 -0.549086 0.12906 0.874202 0.36814 
0.259   0.231749 -0.57098 0.113588 0.888253 0.39192 
0.26   0.209428 -0.591488 0.162648 0.941798 0.371281 
0.261   0.272087 -0.554721 0.188004 0.996239 0.329146 
0.262   0.305401 -0.525259 0.195091 1.01082 0.37801 
0.263   0.290543 -0.561297 0.164948 1.0714 0.387091 
0.264   0.266244 -0.563139 0.140986 1.09186 0.374971 
0.265   0.216698 -0.551225 0.151858 1.08324 0.352901 
0.266   0.223727 -0.552808 0.173538 1.07984 0.384389 
0.267   0.203181 -0.506865 0.214681 1.05058 0.391531 
0.268   0.156229 -0.524488 0.154252 1.05772 0.372676 
0.269   0.153211 -0.479097 0.172768 1.11079 0.376843 
0.27   0.112954 -0.500075 0.244953 1.08724 0.31892 
0.271   0.120801 -0.48424 0.288861 1.09374 0.308552 
0.272   0.128048 -0.466373 0.297828 1.09452 0.279558 
0.273   0.135989 -0.508001 0.298059 1.07479 0.262143 
0.274   0.192533 -0.514413 0.270055 1.14007 0.326679 
0.275   0.223368 -0.526522 0.241966 1.1404 0.326107 
0.276   0.245759 -0.549726 0.212835 1.14053 0.301256 
0.277   0.22537 -0.53719 0.240835 1.18085 0.288025 
0.278   0.233567 -0.54382 0.255028 1.20792 0.255518 
0.279   0.250104 -0.521854 0.206912 1.21 0.288559 
0.28   0.251393 -0.486725 0.221907 1.22206 0.255065 
0.281   0.261182 -0.45821 0.168939 1.2512 0.242235 
0.282   0.236189 -0.465173 0.186115 1.25052 0.278566 
0.283   0.279207 -0.485866 0.209816 1.26038 0.272832 
0.284   0.222539 -0.534013 0.234379 1.23367 0.271037 
0.285   0.255008 -0.514769 0.22506 1.24879 0.261909 
0.286   0.27673 -0.493682 0.214924 1.25205 0.290733 
0.287   0.250138 -0.539357 0.240156 1.26701 0.28723 
0.288   0.31548 -0.486525 0.225975 1.24191 0.328656 
0.289   0.291174 -0.492044 0.187764 1.22684 0.327701 
0.29   0.339009 -0.417323 0.216875 1.19011 0.302643 
0.291   0.351411 -0.449385 0.252872 1.23986 0.317091 
0.292   0.343556 -0.437422 0.228801 1.21444 0.284755 
0.293   0.280171 -0.447201 0.217415 1.22594 0.326011 
0.294   0.281802 -0.486842 0.19571 1.23766 0.315784 
0.295   0.207513 -0.541072 0.226834 1.206 0.273919 
0.296   0.171625 -0.516049 0.226149 1.18462 0.23756 
0.297   0.136335 -0.540405 0.217094 1.20379 0.225461 
0.298   0.152768 -0.564651 0.223757 1.20928 0.262951 
0.299   0.15216 -0.545904 0.248327 1.24103 0.307238 
0.3   0.192314 -0.543814 0.246391 1.25412 0.252841 
0.301   0.235032 -0.572065 0.27342 1.22803 0.255487 
0.302   0.164808 -0.535251 0.32668 1.22975 0.216907 
0.303   0.142824 -0.486644 0.329687 1.25773 0.216328 
0.304   0.167902 -0.473249 0.348358 1.30414 0.248263 
0.305   0.145605 -0.477498 0.342563 1.24149 0.215846 
0.306   0.159233 -0.553055 0.368128 1.26735 0.225278 
0.307   0.132582 -0.576186 0.389569 1.26898 0.169034 
0.308   0.0686029 -0.587148 0.314626 1.29245 0.226568 
0.309   0.0937392 -0.611598 0.317186 1.26264 0.189306 
0.31   0.00264973 -0.597482 0.264306 1.26894 0.165339 
0.311   -0.0175395 -0.630129 0.298706 1.30586 0.226799 
0.312   -0.0652015 -0.629494 0.232923 1.311 0.205801 
0.313   -0.125556 -0.649335 0.249583 1.29476 0.12405 
0.314   -0.107311 -0.655074 0.271386 1.35301 0.223439 
0.315   -0.0828426 -0.663493 0.269132 1.40237 0.208105 
0.316   -0.0873716 -0.641744 0.238142 1.38944 0.233148 
0.317   -0.0739916 -0.662362 0.265877 1.39249 0.216511 
0.318   -0.0494996 -0.639522 0.233451 1.38791 0.22911 
0.319   -0.0814087 -0.564764 0.261203 1.38752 0.218002 
0.32   -0.102156 -0.57287 0.207756 1.35058 0.216634 
0.321   -0.0694619 -0.617098 0.21496 1.39237 0.195303 
0.322   -0.058742 -0.645319 0.182191 1.3931 0.202494 
0.323   -0.0527862 -0.729223 0.176399 1.41076 0.197587 
0.324   -0.0180916 -0.737359 0.213566 1.42846 0.154201 
0.325   -0.0271013 -0.721034 0.172185 1.43356 0.147825 
0.326   -0.0243995 -0.711168 0.162859 1.40709 0.116268 
0.327   -0.0234667 -0.676292 0.128616 1.41469 0.111681 
0.328   -0.0288449 -0.685771 0.148974 1.41249 0.0777797 
0.329   -0.0134538 -0.635639 0.137885 1.39112 0.0881298 
0.33   -0.0346661 -0.610617 0.0959515 1.30774 0.114305 
0.331   0.00139632 -0.555183 0.049396 1.3224 0.132369 
0.332   -0.0328034 -0.554145 0.0373508 1.32282 0.139701 
0.333   -0.0812464 -0.537293 0.0548662 1.32126 0.14368 
0.334   -0.118995 -0.526102 0.0418962 1.28416 0.154723 
0.335   -0.10755 -0.467701 0.0198547 1.26419 0.0624732 
0.336   -0.0649372 -0.494805 0.0260943 1.31154 0.0104641 
0.337   -0.0741284 -0.472212 0.0501058 1.27949 -0.0424662 
0.338   -0.0297459 -0.489749 0.004855 1.27958 -0.0625069 
0.339   -0.0566808 -0.446311 0.0205305 1.25681 -0.127738 
0.34   -0.0201494 -0.455031 0.066752 1.22661 -0.106556 
0.341   -0.089688 -0.463351 0.0494114 1.25305 -0.11572 
0.342   -0.13456 -0.495263 0.0354303 1.2412 -0.205342 
0.343   -0.136338 -0.540541 -0.000802001 1.20381 -0.220176 
0.344   -0.148448 -0.522035 -0.00639185 1.15313 -0.178312 
0.345   -0.15874 -0.537972 0.0471991 1.19849 -0.223949 
0.346   -0.0537142 -0.489126 0.0381617 1.17619 -0.24218 
0.347   -0.092451 -0.474614 0.074858 1.16681 -0.223352 
0.348   -0.0348839 -0.47782 0.0665965 1.16914 -0.204158 
0.349   -0.0233663 -0.459254 0.0157944 1.17714 -0.216111 
0.35   -0.0259153 -0.481966 -0.0409286 1.1799 -0.189663 
0.351   -0.00556039 -0.508353 0.0211432 1.12832 -0.205248 
0.352   0.0275961 -0.540902 0.0107303 1.13461 -0.180725 
0.353   0.00989194 -0.538321 0.0395076 1.12924 -0.132329 
0.354   0.0296497 -0.553214 0.0547469 1.1101 -0.12788 
0.355   0.083491 -0.549481 0.0861252 1.08972 -0.144485 
0.356   0.132683 -0.508908 0.127351 1.10107 -0.181908 
0.357   0.139751 -0.526291 0.0951177 1.09516 -0.203582 
0.358   0.148045 -0.499153 0.121411 1.113 -0.194981 
0.359   0.119085 -0.478634 0.117182 1.07877 -0.245292 
0.36   0.113712 -0.499336 0.131982 1.06912 -0.248072 
0.361   0.102079 -0.524352 0.159496 1.09635 -0.291945 
0.362   0.0884914 -0.526706 0.151248 1.06679 -0.33158 
0.363   0.106787 -0.550197 0.183033 1.06366 -0.325124 
0.364   0.0734478 -0.53957 0.201739 1.07976 -0.309544 
0.365   0.0943317 -0.44195 0.171494 1.0442 -0.319744 
0.366   0.11339 -0.439519 0.151427 1.03893 -0.287543 
0.367   0.0626745 -0.434838 0.192093 1.09971 -0.280956 
0.368   0.101208 -0.472913 0.152557 1.06225 -0.271425 
0.369   0.148729 -0.473257 0.183667 1.03021 -0.277409 
0.37   0.190743 -0.4737 0.19064 1.02982 -0.266238 
0.371   0.225876 -0.471096 0.188478 1.03491 -0.27598 
0.372   0.245615 -0.466954 0.210743 1.00003 -0.300831 
0.373   0.222723 -0.477617 0.186949 1.00674 -0.313115 
0.374   0.204457 -0.439896 0.231029 1.01786 -0.261672 
0.375   0.158778 -0.403396 0.286338 1.01855 -0.257458 
0.376   0.165815 -0.378636 0.226754 0.986987 -0.240852 
0.377   0.182498 -0.340902 0.211825 1.01068 -0.280276 
0.378   0.141969 -0.369728 0.214247 0.9823 -0.234991 
0.379   0.117454 -0.295432 0.174011 0.951868 -0.262293 
0.38   0.0913549 -0.302494 0.152744 0.948493 -0.256642 
0.381   0.0784461 -0.290308 0.140313 0.908231 -0.288224 
0.382   0.0463958 -0.270664 0.169677 0.885713 -0.297862 
0.383   0.0360482 -0.237445 0.142416 0.865769 -0.266656 
0.384   0.012654 -0.243008 0.119643 0.875742 -0.288384 
0.385   -0.0076747 -0.2375 0.116369 0.872052 -0.323674 
0.386   -0.0148484 -0.271636 0.170299 0.885623 -0.288717 
0.387   0.00860866 -0.276222 0.185747 0.864148 -0.295598 
0.388   0.00728483 -0.242945 0.172631 0.833765 -0.341498 
0.389   -0.0584013 -0.207597 0.194079 0.826952 -0.335741 
0.39   -0.075939 -0.217616 0.1265 0.789665 -0.355685 
0.391   -0.0550797 -0.310778 0.144811 0.803248 -0.390895 
0.392   -0.0311112 -0.341171 0.0979691 0.813527 -0.338958 
0.393   -0.0514078 -0.326143 0.0657051 0.799167 -0.34218 
0.394   -0.07934 -0.347598 0.0536839 0.803909 -0.344868 
0.395   -0.0963238 -0.357372 0.03629 0.803497 -0.300141 
0.396   -0.143243 -0.342211 0.0832446 0.788084 -0.332242 
0.397   -0.070484 -0.321985 0.0923639 0.813016 -0.295222 
0.398   -0.101733 -0.279787 0.100212 0.864861 -0.345277 
0.399   -0.0796593 -0.265767 0.0927896 0.867284 -0.348837 
0.4   -0.0354157 -0.267591 0.0604541 0.876142 -0.344268 
0.401   -0.00624595 -0.262069 0.0676995 0.82017 -0.30524 
0.402   -0.0617714 -0.27312 0.0791254 0.862693 -0.307069 
0.403   -0.017261 -0.301317 0.094519 0.880562 -0.298538 
0.404   -0.0305622 -0.243055 0.055787 0.925268 -0.307057 
0.405   -0.00814644 -0.218453 0.0632519 0.949279 -0.327225 
0.406   0.00328916 -0.203322 0.10854 0.941748 -0.310798 
0.407   0.00554403 -0.227985 0.184317 0.918621 -0.267045 
0.408   0.0328588 -0.151466 0.224773 0.902388 -0.335065 
0.409   0.0290652 -0.154326 0.259906 0.905885 -0.345517 
0.41   0.0366774 -0.113205 0.335969 0.86924 -0.358549 
0.411   0.053069 -0.0931459 0.35406 0.906037 -0.365608 
0.412   0.123573 -0.104495 0.323041 0.856193 -0.410608 
0.413   0.111006 -0.114413 0.279278 0.829397 -0.327535 
0.414   0.100424 -0.0767718 0.265299 0.833818 -0.355764 
0.415   0.0150938 -0.0505199 0.283697 0.826813 -0.347502 
0.416   0.0122449 -0.0632842 0.320628 0.862683 -0.351535 
0.417   0.0104583 -0.0670018 0.377125 0.89134 -0.364391 
0.418   0.00709535 -0.0507519 0.416768 0.877426 -0.343489 
0.419   0.0557987 -0.0499495 0.426642 0.860194 -0.341851 
0.42   0.108283 0.0217336 0.408577 0.933568 -0.330282 
0.421   0.128434 0.0246472 0.427982 0.892976 -0.32894 
0.422   0.146177 0.002728 0.399003 0.865649 -0.334645 
0.423   0.107432 0.00449964 0.410329 0.846035 -0.333289 
0.424   0.124628 0.0141769 0.411689 0.907514 -0.339615 
0.425   0.146214 -0.0231897 0.421125 0.881721 -0.377093 
0.426   0.167826 -0.00451992 0.442018 0.919499 -0.319872 
0.427   0.0987308 -0.0247985 0.457769 0.904223 -0.332253 
0.428   0.0949157 -0.0593946 0.491515 0.883432 -0.335858 
0.429   0.0737655 -0.107482 0.52123 0.944732 -0.301434 
0.43   0.113101 -0.0866889 0.504956 0.960626 -0.317033 
0.431   0.135527 -0.0956989 0.505306 0.993467 -0.291753 
0.432   0.0775806 -0.145004 0.461798 0.978499 -0.251 
0.433   0.030396 -0.111645 0.468237 0.987248 -0.258241 
0.434   -0.00939402 -0.0910358 0.470862 1.03998 -0.243093 
0.435   -0.0227084 -0.109444 0.4767 1.00778 -0.210137 
0.436   0.00633739 -0.129316 0.517491 1.06725 -0.207166 
0.437   0.0272677 -0.170392 0.512699 1.10602 -0.195723 
0.438   -0.0257562 -0.199081 0.501971 1.11648 -0.216188 
0.439   -0.0356342 -0.220769 0.483823 1.08768 -0.217474 
0.44   -0.0522073 -0.23455 0.489763 1.04864 -0.247282 
0.441   -0.000556663 -0.217342 0.531822 1.12708 -0.208555 
0.442   0.00478975 -0.210947 0.623677 1.1353 -0.182802 
0.443   0.00774342 -0.212935 0.616249 1.15802 -0.201296 
0.444   0.00708391 -0.228526 0.615663 1.11103 -0.203943 
0.445   0.00742107 -0.22233 0.636725 1.04786 -0.248974 
0.446   0.0124025 -0.245939 0.668788 1.06622 -0.215573 
0.447   0.0156981 -0.271571 0.686348 1.05598 -0.260492 
0.448   0.00907092 -0.300791 0.692826 1.0945 -0.251756 
0.449   -0.0228707 -0.301377 0.6982 1.05313 -0.243034 
0.45   -0.0274267 -0.305012 0.724506 1.04583 -0.297386 
0.451   -0.00423732 -0.263903 0.689803 1.03516 -0.309997 
0.452   -0.0100777 -0.267913 0.719174 1.03618 -0.285616 
0.453   -0.00316883 -0.294835 0.725446 1.05197 -0.269136 
0.454   0.0295101 -0.272902 0.706713 1.02837 -0.265631 
0.455   0.0702188 -0.278277 0.708016 1.03375 -0.269279 
0.456   0.0712778 -0.289235 0.709281 1.04023 -0.236894 
0.457   0.103908 -0.264588 0.678938 1.08731 -0.235759 
0.458   0.12893 -0.236396 0.661021 1.10049 -0.206941 
0.459   0.102411 -0.191728 0.62007 1.13273 -0.264287 
0.46   0.116274 -0.194451 0.64263 1.14668 -0.27552 
0.461   0.153594 -0.165364 0.570978 1.15395 -0.286459 
0.462   0.127233 -0.177729 0.621669 1.15508 -0.263793 
0.463   0.14488 -0.176233 0.661361 1.15855 -0.25032 
0.464   0.149925 -0.155646 0.601455 1.16536 -0.233007 
0.465   0.0877487 -0.205977 0.613282 1.21292 -0.269128 
0.466   0.104844 -0.172925 0.59523 1.14656 -0.305281 
0.467   0.165447 -0.207838 0.546185 1.17228 -0.227561 
0.468   0.171542 -0.170281 0.586582 1.18697 -0.296601 
0.469   0.222337 -0.181958 0.543709 1.19683 -0.299335 
0.47   0.194648 -0.139948 0.553458 1.19946 -0.320094 
0.471   0.166363 -0.124347 0.526137 1.15439 -0.325865 
0.472   0.164235 -0.191964 0.51819 1.15557 -0.396104 
0.473   0.178408 -0.230436 0.535803 1.15134 -0.433795 
0.474   0.168026 -0.183905 0.496233 1.18765 -0.460615 
0.475   0.201595 -0.269745 0.482872 1.18409 -0.417349 
0.476   0.16076 -0.256978 0.471674 1.20442 -0.45111 
0.477   0.0786093 -0.208982 0.498631 1.1844 -0.444801 
0.478   0.050876 -0.242018 0.549476 1.19317 -0.472473 
0.479   0.0458814 -0.231493 0.567464 1.21641 -0.444394 
0.48   0.0387003 -0.211184 0.600553 1.24292 -0.43813 
0.481   0.0472908 -0.229278 0.643491 1.23836 -0.439276 
0.482   0.0391346 -0.237985 0.640579 1.29127 -0.417364 
0.483   0.0436737 -0.240861 0.593273 1.29394 -0.411691 
0.484   0.0863804 -0.215199 0.545949 1.29997 -0.440698 
0.485   0.0777983 -0.254734 0.494997 1.35209 -0.436545 
0.486   0.108971 -0.263247 0.538574 1.40908 -0.363027 
0.487   0.125901 -0.264118 0.516333 1.41974 -0.356771 
0.488   0.086446 -0.285286 0.521252 1.35628 -0.384029 
0.489   0.0750036 -0.275794 0.539969 1.36676 -0.379414 
0.49   0.137257 -0.339919 0.483867 1.35853 -0.339867 
0.491   0.119914 -0.352988 0.523059 1.37468 -0.341537 
0.492   0.195682 -0.353739 0.50171 1.3825 -0.318435 
0.493   0.202147 -0.346244 0.459815 1.37288 -0.329802 
0.494   0.183397 -0.392387 0.453537 1.32751 -0.32753 
0.495   0.133295 -0.383304 0.454584 1.27675 -0.330548 
0.496   0.162711 -0.373878 0.422194 1.24392 -0.358726 
0.497   0.16221 -0.416716 0.399751 1.2985 -0.296071 
0.498   0.184898 -0.44567 0.355265 1.29556 -0.306618 
0.499   0.160798 -0.449656 0.378614 1.32707 -0.27131 
0.5   0.139718 -0.415275 0.423541 1.32585 -0.240963 
0.501   0.136137 -0.423389 0.437595 1.3811 -0.240659 
0.502   0.115819 -0.34597 0.453 1.36612 -0.238981 
0.503   0.106941 -0.34494 0.482482 1.39945 -0.268957 
0.504   0.14446 -0.356007 0.47847 1.35045 -0.259482 
0.505   0.193316 -0.348761 0.473614 1.33388 -0.214878 
0.506   0.202285 -0.360261 0.419373 1.3449 -0.24208 
0.507   0.232675 -0.374699 0.406772 1.34188 -0.257754 
0.508   0.29279 -0.410802 0.420837 1.35286 -0.302446 
0.509   0.279528 -0.443209 0.441945 1.33911 -0.280696 
0.51   0.2907 -0.410884 0.487915 1.34073 -0.279859 
0.511   0.299041 -0.403049 0.53836 1.3627 -0.320383 
0.512   0.303394 -0.398645 0.504995 1.35172 -0.365294 
0.513   0.26148 -0.360586 0.493172 1.36712 -0.379643 
0.514   0.227902 -0.395226 0.527244 1.29639 -0.414787 
0.515   0.201961 -0.415733 0.489848 1.31574 -0.432116 
0.516   0.20815 -0.443651 0.464639 1.34615 -0.381986 
0.517   0.154761 -0.496795 0.463641 1.35017 -0.363256 
0.518   0.151463 -0.49656 0.421922 1.34594 -0.37542 
0.519   0.0956699 -0.503162 0.411018 1.33838 -0.418919 
0.52   0.104034 -0.510259 0.419384 1.35677 -0.389164 
0.521   0.127157 -0.501716 0.423618 1.28669 -0.360269 
0.522   0.118953 -0.496564 0.389474 1.26151 -0.457027 
0.523   0.148692 -0.466254 0.378178 1.27533 -0.423587 
0.524   0.0780168 -0.496128 0.335044 1.29707 -0.428901 
0.525   0.00983093 -0.554839 0.3645 1.3456 -0.385821 
0.526   0.0444982 -0.551071 0.368885 1.35367 -0.457534 
0.527   0.0083503 -0.538054 0.386919 1.31081 -0.508195 
0.528   -0.0037345 -0.564889 0.371299 1.28818 -0.531191 
0.529   -0.0243016 -0.517074 0.34002 1.31061 -0.561297 
0.53   0.0191134 -0.547963 0.432315 1.33122 -0.632275 
0.531   0.00769338 -0.525182 0.404465 1.34944 -0.647952 
0.532   0.00714021 -0.563733 0.400043 1.36143 -0.627813 
0.533   -0.0118996 -0.587924 0.410406 1.32137 -0.649525 
0.534   0.0186347 -0.568954 0.367153 1.30377 -0.629242 
0.535   -0.0295279 -0.568198 0.356036 1.26856 -0.613103 
0.536   -0.0148253 -0.534729 0.291383 1.32752 -0.601243 
0.537   -0.0355488 -0.498999 0.304421 1.32521 -0.611172 
0.538   -0.0310137 -0.453923 0.289321 1.30708 -0.604716 
0.539   -0.0348654 -0.477456 0.29425 1.34972 -0.641602 
0.54   0.000752259 -0.469291 0.321352 1.41063 -0.656155 
0.541   0.0460866 -0.510303 0.337629 1.42734 -0.665925 
0.542   0.0435324 -0.484028 0.364834 1.38479 -0.683513 
0.543   0.0620577 -0.469991 0.437004 1.40431 -0.695916 
0.544   0.0572665 -0.466465 0.50632 1.37464 -0.669541 
0.545   0.0462714 -0.495059 0.499606 1.39507 -0.65029 
0.546   0.0761944 -0.497098 0.535635 1.45745 -0.705046 
0.547   0.0245716 -0.462334 0.547685 1.39111 -0.711634 
0.548   0.0334334 -0.459294 0.522731 1.40958 -0.734154 
0.549   0.00961421 -0.489751 0.51679 1.39388 -0.736217 
0.55   -0.0396451 -0.524524 0.500713 1.39841 -0.728746 
0.551   -0.0419497 -0.468992 0.509498 1.38993 -0.755967 
0.552   -0.0162906 -0.409565 0.551735 1.41724 -0.69367 
0.553   -0.0469069 -0.363932 0.528981 1.43329 -0.685551 
0.554   -0.0825599 -0.332143 0.596698 1.4179 -0.664502 
0.555   -0.0760133 -0.320958 0.656847 1.41626 -0.672297 
0.556   -0.0984913 -0.324308 0.657061 1.39771 -0.725328 
0.557   -0.0890637 -0.30379 0.609586 1.39111 -0.743399 
0.558   -0.0553226 -0.292253 0.596005 1.42184 -0.771149 
0.559   -0.0451702 -0.21986 0.605949 1.39906 -0.777174 
0.56   -0.041417 -0.232674 0.618037 1.37155 -0.790462 
0.561   -0.0665606 -0.276993 0.594491 1.36952 -0.755196 
0.562   -0.0683809 -0.312065 0.568199 1.33654 -0.749372 
0.563   -0.0447278 -0.333911 0.53859 1.36097 -0.817456 
0.564   -0.0667692 -0.343862 0.504644 1.37129 -0.880152 
0.565   -0.0768323 -0.363984 0.513086 1.35736 -0.949192 
0.566   -0.0634406 -0.349432 0.486783 1.32848 -0.896558 
0.567   -0.0167301 -0.358455 0.480194 1.30455 -0.935749 
0.568   -0.0315273 -0.389585 0.447327 1.24918 -0.916895 
0.569   -0.0588032 -0.409878 0.456751 1.32424 -0.940663 
0.57   -0.0388045 -0.45054 0.395322 1.30992 -0.956923 
0.571   -0.098463 -0.458608 0.401024 1.26877 -0.978651 
0.572   -0.0682424 -0.47416 0.37065 1.2289 -0.998255 
0.573   -0.00744203 -0.475839 0.39715 1.19778 -0.974209 
0.574   -0.00932651 -0.47112 0.399352 1.15361 -1.05025 
0.575   -0.0425126 -0.511513 0.37133 1.13526 -1.06259 
0.576   -0.0599984 -0.549947 0.380259 1.10842 -1.01476 
0.577   -0.0555169 -0.57815 0.390549 1.14185 -1.00336 
0.578   -0.144797 -0.567492 0.403248 1.05589 -0.990864 
0.579   -0.137853 -0.573567 0.441837 1.08625 -1.07648 
0.58   -0.110669 -0.61415 0.441161 1.09437 -1.08125 
0.581   -0.0985331 -0.565193 0.432759 1.11153 -1.07251 
0.582   -0.0902437 -0.566343 0.453995 1.11872 -1.07577 
0.583   -0.0803259 -0.580093 0.440374 1.14018 -1.07655 
0.584   -0.0667111 -0.56704 0.439307 1.06264 -1.03011 
0.585   -0.0524815 -0.529594 0.451002 1.08135 -1.02474 
0.586   -0.0665438 -0.486856 0.439276 1.04525 -1.00559 
0.587   0.00506894 -0.429608 0.39965 0.994748 -0.998397 
0.588   -0.00979885 -0.436034 0.364139 1.02492 -0.976148 
0.589   -0.000679772 -0.445356 0.440874 1.06954 -0.993634 
0.59   0.0422699 -0.479991 0.476578 1.06826 -1.01277 
0.591   0.0191223 -0.502922 0.538237 1.06997 -1.05417 
0.592   0.0354603 -0.439454 0.547762 1.09788 -1.00289 
0.593   0.0437571 -0.462642 0.552203 1.13226 -0.977846 
0.594   0.0494807 -0.462159 0.500685 1.12682 -0.939107 
0.595   0.077211 -0.442474 0.528061 1.12877 -0.939606 
0.596   0.122768 -0.431557 0.547288 1.1358 -0.974583 
0.597   0.12146 -0.40893 0.563979 1.1241 -0.967576 
0.598   0.130894 -0.397242 0.549533 1.13872 -0.987295 
0.599   0.136084 -0.393291 0.56655 1.11152 -0.95229 
0.6   0.0969742 -0.366394 0.528662 1.1243 -0.920683 
0.601   0.0698449 -0.351098 0.515997 1.13122 -0.980087 
0.602   0.084546 -0.320494 0.485655 1.12894 -0.977301 
0.603   0.107223 -0.35431 0.528138 1.17927 -0.982559 
0.604   0.137622 -0.40026 0.508636 1.15362 -1.00384 
0.605   0.129887 -0.392887 0.47476 1.13791 -1.00998 
0.606   0.135047 -0.364567 0.494391 1.1361 -1.02119 
0.607   0.162975 -0.295743 0.449988 1.16631 -1.03738 
0.608   0.1671 -0.249203 0.453971 1.14794 -1.05083 
0.609   0.106114 -0.303304 0.46298 1.17991 -1.0618 
0.61   0.0942927 -0.295505 0.499581 1.21295 -1.05994 
0.611   0.0745418 -0.346492 0.577664 1.18544 -1.08753 
0.612   0.0995496 -0.372361 0.508462 1.17439 -1.07471 
0.613   0.0827821 -0.33446 0.508556 1.15309 -1.14145 
0.614   0.0869031 -0.333154 0.47717 1.12919 -1.13622 
0.615   0.0903931 -0.368626 0.454421 1.17128 -1.14529 
0.616   0.117485 -0.378545 0.477823 1.16485 -1.08697 
0.617   0.150642 -0.357362 0.496783 1.14877 -1.06447 
0.618   0.182822 -0.387228 0.470598 1.12903 -1.06072 
0.619   0.124659 -0.403983 0.408165 1.10844 -1.07556 
0.62   0.130302 -0.430882 0.438323 1.05039 -1.09432 
0.621   0.107748 -0.449315 0.470272 1.03427 -1.04795 
0.622   0.115264 -0.468299 0.480803 1.02031 -1.06513 
0.623   0.177438 -0.377532 0.467194 1.08067 -1.10523 
0.624   0.265835 -0.366988 0.480346 1.04697 -1.07555 
0.625   0.218718 -0.330376 0.493894 0.986576 -1.02831 
0.626   0.208985 -0.28245 0.547808 1.06672 -0.997841 
0.627   0.241583 -0.278589 0.543788 1.06658 -1.01776 
0.628   0.291385 -0.26172 0.582529 1.12816 -1.03713 
0.629   0.309143 -0.275762 0.602924 1.12651 -0.997529 
0.63   0.338023 -0.273728 0.590659 1.09557 -0.960435 
0.631   0.339743 -0.337185 0.563448 1.0788 -0.986521 
0.632   0.345345 -0.380002 0.583632 1.08171 -0.944425 
0.633   0.254324 -0.382715 0.59413 1.09708 -0.927347 
0.634   0.267683 -0.392642 0.654437 1.10362 -0.967676 
0.635   0.281656 -0.40773 0.609045 1.14266 -0.956837 
0.636   0.288912 -0.373785 0.659666 1.16406 -1.00197 
0.637   0.273496 -0.395391 0.642513 1.15814 -0.957151 
0.638   0.327178 -0.392299 0.666601 1.17585 -0.934164 
0.639   0.340131 -0.406846 0.629503 1.0894 -0.967631 
0.64   0.352957 -0.383885 0.630494 1.15587 -0.982647 
0.641   0.318801 -0.349521 0.550772 1.1884 -0.989096 
0.642   0.310387 -0.337559 0.536781 1.18212 -1.01505 
0.643   0.360877 -0.295218 0.571379 1.19571 -1.03024 
0.644   0.400881 -0.259431 0.620325 1.2006 -1.06926 
0.645   0.406467 -0.183036 0.553135 1.21065 -1.05873 
0.646   0.394862 -0.169291 0.512892 1.18666 -1.1181 
0.647   0.420993 -0.210583 0.547645 1.27115 -1.10218 
0.648   0.383941 -0.225213 0.541579 1.2238 -1.11515 
0.649   0.407559 -0.235989 0.558621 1.23215 -1.18179 
0.65   0.437994 -0.284429 0.5536 1.25759 -1.19087 
0.651   0.434997 -0.270559 0.636112 1.29622 -1.26023 
0.652   0.471459 -0.272098 0.641061 1.30072 -1.27926 
0.653   0.43999 -0.267562 0.67364 1.319 -1.33234 
0.654   0.482527 -0.243835 0.696364 1.30231 -1.35223 
0.655   0.475184 -0.247564 0.686827 1.31156 -1.38645 
0.656   0.489637 -0.203179 0.688601 1.31198 -1.37902 
0.657   0.485006 -0.190201 0.634201 1.3217 -1.33016 
0.658   0.499156 -0.211084 0.64984 1.32553 -1.33837 
0.659   0.484551 -0.2418 0.632029 1.36483 -1.34429 
0.66   0.483537 -0.175972 0.61908 1.35835 -1.35653 
0.661   0.498391 -0.195975 0.604921 1.36967 -1.40284 
0.662   0.53 -0.202426 0.616193 1.45664 -1.38735 
0.663   0.507111 -0.211795 0.616578 1.46 -1.43407 
0.664   0.502049 -0.207231 0.664245 1.46093 -1.46085 
0.665   0.488779 -0.232202 0.696383 1.46563 -1.50878 
0.666   0.509926 -0.213875 0.679147 1.45566 -1.48423 
0.667   0.553283 -0.214574 0.692853 1.44496 -1.45715 
0.668   0.603833 -0.18044 0.675042 1.41449 -1.4446 
0.669   0.589874 -0.208074 0.693815 1.44282 -1.43821 
0.67   0.576443 -0.190584 0.658244 1.41214 -1.45898 
0.671   0.607659 -0.190384 0.695151 1.44497 -1.50792 
0.672   0.666675 -0.20336 0.742949 1.41834 -1.4701 
0.673   0.693894 -0.236793 0.732878 1.43716 -1.47515 
0.674   0.676783 -0.211968 0.757677 1.44824 -1.50704 
0.675   0.676732 -0.163325 0.763198 1.45301 -1.45873 
0.676   0.679343 -0.132758 0.801268 1.46619 -1.4404 
0.677   0.656283 -0.149663 0.794902 1.49599 -1.45511 
0.678   0.683504 -0.12204 0.809802 1.4947 -1.41762 
0.679   0.713454 -0.133922 0.876648 1.49793 -1.49065 
0.68   0.717053 -0.180713 0.855649 1.51468 -1.46652 
0.681   0.722995 -0.120377 0.875823 1.53318 -1.48696 
0.682   0.719755 -0.114992 0.889181 1.59427 -1.45736 
0.683   0.703511 -0.111156 0.87983 1.57095 -1.47154 
0.684   0.677061 -0.131026 0.906977 1.59823 -1.46904 
0.685   0.697074 -0.187285 0.910165 1.52001 -1.49042 
0.686   0.683974 -0.229196 0.913068 1.53956 -1.48662 
0.687   0.677159 -0.252716 1.00607 1.51399 -1.46895 
0.688   0.674268 -0.280064 0.959977 1.53887 -1.5019 
0.689   0.700135 -0.296132 0.978411 1.56485 -1.5023 
0.69   0.676821 -0.343232 0.978017 1.6081 -1.56909 
0.691   0.673804 -0.332166 0.988945 1.66515 -1.58752 
0.692   0.679012 -0.325122 0.989564 1.68612 -1.59351 
0.693   0.688824 -0.315785 1.00938 1.65413 -1.63001 
0.694   0.654183 -0.379035 1.00036 1.65184 -1.63741 
0.695   0.654466 -0.35246 1.06846 1.66511 -1.6795 
0.696   0.617211 -0.380352 1.07542 1.65616 -1.65914 
0.697   0.642332 -0.41969 1.04598 1.64709 -1.65303 
0.698   0.644686 -0.446839 1.06496 1.65853 -1.67401 
0.699   0.628926 -0.444245 1.05713 1.65637 -1.64543 
0.7   0.587997 -0.447956 1.07771 1.66467 -1.68709 
0.701   0.640165 -0.473096 1.06863 1.71796 -1.68256 
0.702   0.67589 -0.49426 1.1147 1.71281 -1.65764 
0.703   0.739381 -0.455854 1.11098 1.71103 -1.64472 
0.704   0.735047 -0.422904 1.14124 1.70345 -1.63513 
0.705   0.7272 -0.388629 1.20346 1.69299 -1.63937 
0.706   0.75927 -0.433083 1.17873 1.67616 -1.6368 
0.707   0.784344 -0.422738 1.20295 1.65384 -1.66703 
0.708   0.799577 -0.447691 1.1852 1.6395 -1.64064 
0.709   0.76455 -0.48448 1.22102 1.60085 -1.62432 
0.71   0.797444 -0.462061 1.20445 1.63834 -1.60794 
0.711   0.765063 -0.506059 1.24229 1.63751 -1.53832 
0.712   0.800218 -0.504238 1.20371 1.67196 -1.59006 
0.713   0.789501 -0.506334 1.21263 1.67865 -1.52658 
0.714   0.73119 -0.488642 1.15037 1.63091 -1.51799 
0.715   0.760424 -0.483256 1.12758 1.62005 -1.47864 
0.716   0.763104 -0.478001 1.11726 1.6277 -1.47947 
0.717   0.747737 -0.484041 1.11839 1.61597 -1.41391 
0.718   0.755222 -0.475312 1.09763 1.62036 -1.41712 
0.719   0.715167 -0.376514 1.14435 1.58567 -1.38708 
0.72   0.693687 -0.402492 1.15333 1.56199 -1.41831 
0.721   0.682004 -0.424651 1.11035 1.60493 -1.43175 
0.722   0.677983 -0.427462 1.04539 1.62542 -1.44616 
0.723   0.67228 -0.444621 1.02453 1.61365 -1.46671 
0.724   0.665713 -0.412984 1.00934 1.64873 -1.4759 
0.725   0.634403 -0.419878 1.03891 1.65924 -1.48993 
0.726   0.620749 -0.411404 1.01587 1.71716 -1.48457 
0.727   0.728313 -0.393895 1.01602 1.69322 -1.45338 
0.728   0.706134 -0.379097 1.02107 1.67669 -1.47535 
0.729   0.696522 -0.393615 0.980799 1.65331 -1.46729 
0.73   0.758099 -0.364381 1.00415 1.66035 -1.47998 
0.731   0.77392 -0.361304 1.0321 1.67057 -1.4781 
0.732   0.775219 -0.375534 1.01177 1.72721 -1.52573 
0.733   0.830813 -0.365913 0.969068 1.74564 -1.49193 
0.734   0.84663 -0.385981 0.982893 1.72692 -1.49044 
0.735   0.897547 -0.38243 0.99022 1.74431 -1.50783 
0.736   0.881838 -0.363722 0.975118 1.76899 -1.5002 
0.737   0.872081 -0.352694 0.957928 1.79972 -1.51183 
0.738   0.888104 -0.30984 0.976063 1.82811 -1.56159 
0.739   0.84917 -0.371874 0.901408 1.8521 -1.58702 
0.74   0.818222 -0.377391 0.85383 1.85101 -1.56718 
0.741   0.883674 -0.333814 0.854008 1.87308 -1.56933 
0.742   0.903548 -0.277594 0.853602 1.93404 -1.64603 
0.743   0.915427 -0.288842 0.834349 1.95896 -1.67297 
0.744   0.955848 -0.285177 0.896875 2.00304 -1.70561 
0.745   0.975767 -0.263183 0.932083 1.9558 -1.70377 
0.746   0.926833 -0.237714 0.936154 1.93962 -1.70796 
0.747   0.845608 -0.201904 0.931649 1.94507 -1.67904 
0.748   0.856553 -0.209958 0.916199 1.93428 -1.67192 
0.749   0.878893 -0.160155 0.859497 1.95261 -1.68031 
0.75   0.893181 -0.136627 0.909792 1.96565 -1.5932 
0.751   0.895136 -0.16296 0.924725 1.91965 -1.58344 
0.752   0.868327 -0.166643 0.906219 1.85043 -1.55037 
0.753   0.826142 -0.183097 0.931313 1.86348 -1.54393 
0.754   0.818039 -0.174912 0.974783 1.85828 -1.50262 
0.755   0.82902 -0.167264 0.966042 1.85739 -1.50565 
0.756   0.852706 -0.143734 0.979129 1.8423 -1.50814 
0.757   0.886254 -0.144058 0.959176 1.80923 -1.52958 
0.758   0.906967 -0.139222 0.916077 1.76743 -1.52285 
0.759   0.960143 -0.118665 0.850455 1.75219 -1.51206 
0.76   0.962785 -0.0644264 0.886497 1.76782 -1.48148 
0.761   0.93808 -0.101749 0.838043 1.74564 -1.53356 
0.762   0.945689 -0.186403 0.835566 1.70989 -1.52694 
0.763   0.918668 -0.241586 0.802258 1.68389 -1.53474 
0.764   0.843474 -0.227414 0.873952 1.66532 -1.56238 
0.765   0.820733 -0.229495 0.861171 1.63382 -1.54459 
0.766   0.830385 -0.252148 0.803507 1.61922 -1.54604 
0.767   0.847323 -0.231712 0.84951 1.64544 -1.61445 
0.768   0.874432 -0.243686 0.845609 1.65595 -1.63058 
0.769   0.893044 -0.269318 0.801969 1.69568 -1.58996 
0.77   0.90138 -0.227539 0.791154 1.67543 -1.54881 
0.771   0.900177 -0.248258 0.77057 1.69374 -1.54449 
0.772   0.86222 -0.253341 0.795658 1.69039 -1.52235 
0.773   0.831399 -0.337392 0.77908 1.69877 -1.52363 
0.774   0.802094 -0.305811 0.834762 1.69613 -1.5604 
0.775   0.818366 -0.343936 0.830606 1.68809 -1.51295 
0.776   0.82261 -0.39617 0.897295 1.62968 -1.53855 
0.777   0.78358 -0.350361 0.937412 1.6287 -1.57389 
0.778   0.738537 -0.350781 0.908514 1.60332 -1.63073 
0.779   0.760865 -0.289314 0.920464 1.57823 -1.66509 
0.78   0.778545 -0.280575 0.871601 1.61124 -1.69346 
0.781   0.788957 -0.31818 0.872941 1.63327 -1.73272 
0.782   0.77541 -0.414973 0.847801 1.61446 -1.69692 
0.783   0.796569 -0.442352 0.794983 1.63798 -1.62615 
0.784   0.820481 -0.443953 0.78449 1.62788 -1.61491 
0.785   0.847731 -0.440473 0.75971 1.64642 -1.59513 
0.786   0.83654 -0.482408 0.798479 1.64881 -1.57741 
0.787   0.793161 -0.454277 0.82382 1.6922 -1.58253 
0.788   0.804735 -0.500892 0.827185 1.65843 -1.54781 
0.789   0.771509 -0.513314 0.825532 1.60662 -1.59885 
0.79   0.747025 -0.526026 0.785882 1.59766 -1.60565 
0.791   0.741731 -0.520033 0.797108 1.61148 -1.59504 
0.792   0.724897 -0.509522 0.796717 1.56714 -1.63646 
0.793   0.731623 -0.50232 0.863572 1.62028 -1.62153 
0.794   0.741594 -0.442654 0.828913 1.66538 -1.68367 
0.795   0.722956 -0.400672 0.83187 1.6908 -1.70437 
0.796   0.673571 -0.385603 0.806508 1.69931 -1.6643 
0.797   0.664678 -0.342557 0.804286 1.70422 -1.68868 
0.798   0.643603 -0.376423 0.841778 1.66598 -1.67578 
0.799   0.650129 -0.358885 0.817283 1.66257 -1.65357 
0.8   0.616637 -0.312021 0.800859 1.66204 -1.65591 
0.801   0.592677 -0.319579 0.791906 1.67207 -1.69549 
0.802   0.59542 -0.316334 0.736553 1.65003 -1.66315 
0.803   0.569771 -0.380295 0.730865 1.63785 -1.67456 
0.804   0.572746 -0.368277 0.717969 1.62679 -1.70429 
0.805   0.59085 -0.302552 0.666813 1.63173 -1.69049 
0.806   0.567942 -0.308781 0.629144 1.64186 -1.72318 
0.807   0.581878 -0.28465 0.599763 1.62968 -1.7521 
0.808   0.616445 -0.302318 0.560282 1.63723 -1.70511 
0.809   0.620374 -0.292714 0.538455 1.63532 -1.70652 
0.81   0.591935 -0.300406 0.5397 1.57153 -1.67655 
0.811   0.578083 -0.302158 0.53883 1.5595 -1.7039 
0.812   0.602934 -0.341503 0.525521 1.52961 -1.64988 
0.813   0.616851 -0.342974 0.500573 1.54602 -1.69748 
0.814   0.646977 -0.345336 0.517986 1.53161 -1.70203 
0.815   0.660675 -0.381325 0.5698 1.48012 -1.6751 
0.816   0.684857 -0.37953 0.632561 1.46069 -1.65648 
0.817   0.694922 -0.439255 0.685615 1.51621 -1.67089 
0.818   0.760363 -0.405339 0.643215 1.4784 -1.68027 
0.819   0.753212 -0.415158 0.605307 1.4613 -1.73813 
0.82   0.812017 -0.455518 0.604413 1.53488 -1.72599 
0.821   0.770989 -0.543402 0.586415 1.51866 -1.71672 
0.822   0.799538 -0.552109 0.616268 1.5122 -1.67223 
0.823   0.802086 -0.550587 0.652513 1.49281 -1.6516 
0.824   0.7906 -0.565055 0.605206 1.47025 -1.66674 
0.825   0.805944 -0.534053 0.622597 1.45941 -1.70306 
0.826   0.82088 -0.498282 0.635888 1.46492 -1.74053 
0.827   0.788228 -0.53588 0.584482 1.42815 -1.82139 
0.828   0.828535 -0.53985 0.628762 1.43369 -1.82625 
0.829   0.865053 -0.569103 0.603049 1.39041 -1.78368 
0.83   0.900719 -0.546967 0.609407 1.36868 -1.76624 
0.831   0.948915 -0.552986 0.587685 1.36918 -1.79103 
0.832   0.953485 -0.587831 0.575017 1.37368 -1.82446 
0.833   0.983238 -0.573142 0.585881 1.40061 -1.75555 
0.834   1.00423 -0.594271 0.552229 1.39852 -1.75724 
0.835   1.00369 -0.598037 0.555376 1.408 -1.76251 
0.836   1.02056 -0.582525 0.542523 1.46239 -1.76582 
0.837   1.0571 -0.549661 0.525103 1.4737 -1.78285 
0.838   1.04512 -0.574352 0.574665 1.45927 -1.76597 
0.839   1.0462 -0.564166 0.59651 1.41025 -1.76816 
0.84   1.1035 -0.56811 0.59715 1.40271 -1.74051 
0.841   1.06823 -0.612312 0.608267 1.44215 -1.78284 
0.842   1.05658 -0.643531 0.608511 1.49722 -1.74253 
0.843   1.10525 -0.662451 0.625337 1.46307 -1.7727 
0.844   1.09006 -0.678515 0.663319 1.47457 -1.78078 
0.845   1.07199 -0.637435 0.68813 1.45721 -1.83471 
0.846   1.0816 -0.635641 0.697076 1.44859 -1.87602 
0.847   1.0494 -0.608537 0.669609 1.4363 -1.89382 
0.848   1.11199 -0.655852 0.701178 1.42235 -1.84843 
0.849   1.07036 -0.647515 0.692743 1.41493 -1.805 
0.85   1.08707 -0.658475 0.671571 1.42481 -1.82627 
0.851   1.09326 -0.662925 0.657023 1.40548 -1.83778 
0.852   1.10622 -0.707684 0.664557 1.38959 -1.80893 
0.853   1.09792 -0.701938 0.631252 1.35763 -1.8667 
0.854   1.0847 -0.750686 0.705546 1.33501 -1.91386 
0.855   1.07498 -0.841096 0.688669 1.37274 -1.89934 
0.856   1.09696 -0.840623 0.649597 1.36118 -1.87522 
0.857   1.07622 -0.864574 0.634916 1.38392 -1.86138 
0.858   1.08635 -0.81904 0.654833 1.36419 -1.88209 
0.859   1.06146 -0.752206 0.618106 1.39125 -1.8837 
0.86   1.02142 -0.781839 0.616725 1.42137 -1.9512 
0.861   1.01632 -0.730507 0.651384 1.44475 -1.99672 
0.862   1.03142 -0.703799 0.671449 1.44531 -2.00984 
0.863   1.02254 -0.710919 0.600413 1.40253 -2.00792 
0.864   1.03191 -0.720525 0.545766 1.44102 -1.97853 
0.865   1.00883 -0.695782 0.520867 1.5116 -1.92024 
0.866   1.02072 -0.744189 0.477128 1.54573 -1.89017 
0.867   1.00448 -0.73823 0.460721 1.57632 -1.90376 
0.868   1.01593 -0.729508 0.441718 1.63566 -1.8853 
0.869   0.97975 -0.709197 0.465839 1.62556 -1.92382 
0.87   0.978662 -0.707806 0.50024 1.60146 -1.92868 
0.871   0.931517 -0.720619 0.482026 1.58902 -1.94935 
0.872   0.922938 -0.709003 0.490193 1.66141 -1.9153 
0.873   0.881394 -0.710895 0.46989 1.68613 -1.92584 
0.874   0.851175 -0.76719 0.442551 1.73552 -1.94886 
0.875   0.884774 -0.753105 0.442613 1.72556 -1.96591 
0.876   0.865763 -0.740942 0.447489 1.75796 -1.95252 
0.877   0.892064 -0.712643 0.429705 1.76495 -1.97787 
0.878   0.861475 -0.705452 0.389067 1.75128 -1.989 
0.879   0.925117 -0.741169 0.35094 1.74112 -1.96352 
0.88   0.909268 -0.719013 0.380023 1.68434 -1.97314 
0.881   0.907194 -0.670738 0.412158 1.64147 -1.92898 
0.882   0.907056 -0.713428 0.405465 1.61701 -1.9433 
0.883   0.927749 -0.753813 0.40292 1.60965 -1.93016 
0.884   0.918228 -0.751175 0.434397 1.64954 -1.92844 
0.885   0.912331 -0.781849 0.462353 1.61598 -1.91389 
0.886   0.982239 -0.792005 0.47136 1.6366 -1.92671 
0.887   0.964959 -0.741897 0.501299 1.59054 -1.96037 
0.888   0.994938 -0.745882 0.466208 1.56636 -1.87817 
0.889   0.968436 -0.784837 0.410749 1.56661 -1.85385 
0.89   1.00895 -0.767996 0.357894 1.55219 -1.88387 
0.891   0.992683 -0.751262 0.353637 1.52428 -1.83855 
0.892   0.977998 -0.72818 0.370475 1.47632 -1.85065 
0.893   0.957809 -0.747 0.372815 1.48189 -1.90474 
0.894   1.00098 -0.762295 0.403636 1.48512 -1.89624 
0.895   1.02391 -0.730055 0.404757 1.48561 -1.878 
0.896   1.00001 -0.692621 0.397585 1.52748 -1.84736 
0.897   1.01064 -0.707175 0.426678 1.51265 -1.89818 
0.898   1.00498 -0.686134 0.492661 1.52494 -1.91138 
0.899   1.02983 -0.68878 0.46729 1.51062 -1.90165 
0.9   1.05576 -0.676585 0.480522 1.55661 -1.84637 
0.901   1.02988 -0.687843 0.413353 1.5248 -1.89602 
0.902   1.07404 -0.699453 0.385544 1.53047 -1.86473 
0.903   1.0789 -0.743843 0.386899 1.47352 -1.87639 
0.904   1.07438 -0.777974 0.333741 1.46215 -1.81777 
0.905   1.03932 -0.793214 0.337268 1.45806 -1.8548 
0.906   1.05175 -0.745431 0.326067 1.46358 -1.83491 
0.907   1.04603 -0.757473 0.339157 1.44793 -1.88052 
0.908   1.05286 -0.733501 0.318877 1.46889 -1.93208 
0.909   1.078 -0.739216 0.369008 1.50192 -1.90821 
0.91   1.13655 -0.763056 0.365867 1.52645 -1.95461 
0.911   1.15688 -0.739463 0.400501 1.53679 -1.9251 
0.912   1.18377 -0.747406 0.387893 1.51568 -1.83862 
0.913   1.14602 -0.713126 0.281491 1.59034 -1.84318 
0.914   1.11523 -0.717544 0.271124 1.56769 -1.88 
0.915   1.11642 -0.698036 0.299007 1.5439 -1.85091 
0.916   1.11275 -0.671415 0.288532 1.51477 -1.8321 
0.917   1.18761 -0.720642 0.301522 1.51499 -1.83479 
0.918   1.14938 -0.665066 0.26194 1.48806 -1.80583 
0.919   1.1696 -0.668333 0.239909 1.50585 -1.77937 
0.92   1.16905 -0.710193 0.230783 1.52091 -1.74038 
0.921   1.19414 -0.674491 0.223242 1.49256 -1.71245 
0.922   1.16418 -0.640434 0.197258 1.51185 -1.77439 
0.923   1.08335 -0.658349 0.210011 1.47173 -1.79278 
0.924   1.09114 -0.649176 0.163367 1.46105 -1.79169 
0.925   1.09273 -0.637992 0.149176 1.48553 -1.80963 
0.926   1.02333 -0.663337 0.169458 1.4237 -1.79051 
0.927   0.998399 -0.682197 0.126411 1.41162 -1.85693 
0.928   0.914899 -0.680493 0.0842143 1.40021 -1.84519 
0.929   0.919563 -0.700026 0.086291 1.41695 -1.91836 
0.93   0.913355 -0.656097 0.0611106 1.39207 -1.95029 
0.931   0.933827 -0.638894 0.0717062 1.39879 -1.96494 
0.932   0.944423 -0.663239 0.0354343 1.35519 -1.93004 
0.933   0.987132 -0.694061 0.064206 1.34936 -1.92909 
0.934   0.992943 -0.67304 0.0370634 1.41175 -1.89798 
0.935   0.975678 -0.693324 0.0242374 1.38741 -1.87311 
0.936   1.00707 -0.725767 0.0321452 1.3442 -1.80734 
0.937   1.00031 -0.72922 -0.00908611 1.3651 -1.78996 
0.938   0.989476 -0.737749 -0.0194828 1.36528 -1.75289 
0.939   0.972467 -0.68749 -0.0219353 1.43106 -1.73835 
0.94   0.917203 -0.707725 -0.0381825 1.43468 -1.69342 
0.941   0.871684 -0.725692 -0.0574952 1.44916 -1.7024 
0.942   0.905775 -0.745427 -0.0545596 1.47224 -1.69624 
0.943   0.928141 -0.721135 -0.12459 1.48751 -1.71305 
0.944   1.00107 -0.739308 -0.178917 1.48346 -1.69933 
0.945   1.03366 -0.776638 -0.198273 1.49445 -1.6673 
0.946   1.04702 -0.775071 -0.22893 1.47188 -1.65719 
0.947   1.04536 -0.754516 -0.204999 1.53332 -1.65089 
0.948   1.04341 -0.751083 -0.142766 1.51428 -1.66513 
0.949   1.01067 -0.724606 -0.113342 1.52374 -1.63673 
0.95   1.06029 -0.697228 -0.110508 1.50956 -1.59082 
0.951   1.03119 -0.635823 -0.132773 1.51007 -1.61204 
0.952   0.981618 -0.613862 -0.192795 1.5002 -1.60309 
0.953   0.963473 -0.64212 -0.219339 1.47182 -1.59406 
0.954   0.994266 -0.662715 -0.281493 1.44016 -1.58491 
0.955   0.990161 -0.655352 -0.327291 1.38423 -1.6352 
0.956   0.981847 -0.64292 -0.358726 1.45308 -1.6166 
0.957   0.986577 -0.649007 -0.449204 1.37708 -1.63935 
0.958   0.98326 -0.642684 -0.443595 1.38907 -1.60284 
0.959   0.965537 -0.611366 -0.473847 1.41284 -1.60212 
0.96   0.960454 -0.633777 -0.481609 1.4221 -1.58465 
0.961   0.924825 -0.645703 -0.485593 1.44873 -1.64879 
0.962   0.870212 -0.647601 -0.515753 1.44285 -1.66106 
0.963   0.903279 -0.606288 -0.50566 1.45717 -1.69597 
0.964   0.866907 -0.656912 -0.459039 1.39525 -1.68978 
0.965   0.905048 -0.690657 -0.413831 1.38693 -1.68173 
0.966   0.932975 -0.725882 -0.381535 1.40597 -1.66144 
0.967   0.965946 -0.785266 -0.447043 1.3722 -1.685 
0.968   0.96093 -0.825434 -0.52508 1.35621 -1.73297 
0.969   0.959367 -0.870445 -0.52322 1.41988 -1.72896 
0.97   0.949058 -0.862931 -0.555165 1.35835 -1.73065 
0.971   0.922586 -0.905569 -0.544894 1.33665 -1.7339 
0.972   0.913876 -0.896078 -0.515839 1.3138 -1.77738 
0.973   0.844017 -0.886527 -0.519109 1.25335 -1.74748 
0.974   0.81836 -0.889591 -0.551695 1.27296 -1.76678 
0.975   0.849516 -0.828981 -0.490905 1.24525 -1.75463 
0.976   0.849483 -0.844904 -0.486563 1.1935 -1.76846 
0.977   0.82452 -0.817823 -0.488011 1.17957 -1.80898 
0.978   0.82261 -0.82986 -0.497199 1.18917 -1.85779 
0.979   0.838843 -0.865055 -0.489338 1.23801 -1.88858 
0.98   0.839787 -0.867469 -0.517307 1.18383 -1.86051 
0.981   0.901838 -0.882353 -0.472836 1.20523 -1.86966 
0.982   0.864107 -0.835836 -0.486576 1.2681 -1.82767 
0.983   0.835255 -0.836219 -0.468956 1.2648 -1.8537 
0.984   0.79236 -0.823354 -0.44209 1.29298 -1.82016 
0.985   0.817934 -0.786673 -0.410315 1.32233 -1.81317 
0.986   0.807013 -0.790997 -0.355562 1.3063 -1.79097 
0.987   0.847785 -0.757372 -0.302983 1.27062 -1.78942 
0.988   0.80751 -0.776289 -0.259566 1.24702 -1.82482 
0.989   0.71163 -0.778973 -0.207085 1.23715 -1.79309 
0.99   0.705039 -0.796934 -0.196772 1.23606 -1.83746 
0.991   0.692833 -0.818073 -0.206584 1.27547 -1.85676 
0.992   0.76296 -0.79074 -0.169138 1.2988 -1.89359 
0.993   0.775859 -0.794919 -0.136177 1.32161 -1.94365 
0.994   0.825314 -0.84332 -0.161845 1.34494 -1.92713 
0.995   0.808408 -0.843746 -0.153618 1.40159 -1.92441 
0.996   0.801909 -0.801895 -0.151794 1.3999 -1.88339 
0.997   0.783412 -0.798853 -0.178614 1.39046 -1.87271 
0.998   0.774533 -0.818874 -0.183558 1.38736 -1.82846 
0.999   0.767531 -0.820165 -0.123928 1.35508 -1.82719 
1   0.794376 -0.836754 -0.116474 1.38119 -1.81954 
