0.500000 0.500000 0.500000 
0.146447 0.500000 0.500000 
0.500000 0.500000 0.500000 
0.853553 0.500000 0.500000 
0.146447 0.500000 0.500000 
0.500000 0.500000 0.500000 
0.853553 0.500000 0.500000 
0.146447 0.500000 0.500000 
0.500000 0.500000 0.500000 
0.853553 0.500000 0.500000 
0.500000 0.146447 0.500000 
0.500000 0.500000 0.500000 
0.500000 0.853553 0.500000 
0.500000 0.146447 0.500000 
0.500000 0.500000 0.500000 
0.500000 0.853553 0.500000 
0.500000 0.146447 0.500000 
0.500000 0.500000 0.500000 
0.500000 0.853553 0.500000 
0.500000 0.500000 0.146447 
0.500000 0.500000 0.500000 
0.500000 0.500000 0.853553 
0.500000 0.500000 0.146447 
0.500000 0.500000 0.500000 
0.500000 0.500000 0.853553 
0.500000 0.500000 0.146447 
0.500000 0.500000 0.500000 
0.500000 0.500000 0.853553 
