1 10 100 1000 10000 100000 1000000 
<<<<<<< HEAD
4.66493 0.457684 0.0571413 0.0104483 0.0152527 0.000602438 0.00238631 
1.46653 0.0640575 0.0234269 0.0420341 0.00575631 0.00448171 0.00325616 
0.300931 0.256978 0.216665 0.00439179 0.0114323 0.00550164 0.00138791 
5.61188 0.788493 0.293997 0.0373727 0.0161904 0.00372332 0.0027725 
0.568962 0.793225 0.0102325 0.0714448 0.0157751 0.000397341 0.00291612 
=======
1.46653 0.319033 0.0482218 0.0651287 0.0174351 0.00540821 0.00069567 
1.46653 0.0575594 0.255204 0.00137853 0.0159453 0.00144321 0.000466342 
1.00554 0.138702 0.121338 0.0333362 0.0179646 0.015987 0.00301588 
1.46653 0.282026 0.04705 0.0470865 0.0155095 0.00573131 0.000190197 
0.305388 0.387652 0.18338 0.0211705 0.0140571 0.0040329 0.00150863 
>>>>>>> 5698adb8a4158e7709f45e4ece8961def7982db3
