0 10 10 10
0.01 10.0812 10.1604 10.0765
0.02 10.3149 10.2433 10.0865
0.03 10.5649 10.2695 10.3816
0.04 10.4569 9.91774 10.4226
0.05 10.5888 10.0921 10.322
0.06 10.632 10.2995 10.6531
0.07 10.4349 10.3438 10.4896
0.08 10.1384 10.3613 10.4473
0.09 10.0337 9.92618 10.5211
0.1 9.85772 9.92327 10.6421
0.11 9.894 9.75899 10.7961
0.12 9.90532 9.76608 11.024
0.13 9.92407 9.92887 10.9309
0.14 9.83524 10.1502 10.8508
0.15 9.82114 10.236 10.7536
0.16 9.45633 10.4111 10.7581
0.17 9.52397 10.5814 10.8858
0.18 9.45593 10.2134 11.0912
0.19 9.79367 10.3752 11.0784
0.2 9.80165 10.3536 11.1572
0.21 9.88929 10.6262 10.9775
0.22 9.76182 11.0086 11.0161
0.23 9.53804 11.1272 10.7258
0.24 9.68614 11.0915 10.7896
0.25 9.73494 10.8626 10.5244
0.26 9.47653 10.9238 10.7854
0.27 9.44371 11.1979 10.6931
0.28 9.76259 11.1605 11.2803
0.29 9.93679 11.2395 11.0749
0.3 9.77621 11.0681 11.0893
0.31 9.57255 11.3926 11.1003
0.32 9.85799 11.2522 10.8658
0.33 9.77292 11.3531 10.3976
0.34 9.58992 11.9617 10.2233
0.35 9.80313 11.9777 10.0746
0.36 10.054 11.8672 10.2819
0.37 9.92486 12.0987 10.1777
0.38 9.96958 12.4269 10.3697
0.39 9.85554 12.6633 10.6135
0.4 9.5736 12.6268 10.5293
0.41 8.93249 12.8343 10.415
0.42 9.16331 12.8266 10.3503
0.43 9.21727 12.7366 10.2667
0.44 9.08178 12.6334 10.3979
0.45 9.13141 12.1432 10.2929
0.46 9.05679 12.6367 10.3392
0.47 9.03699 12.2492 10.4015
0.48 9.22213 12.2367 10.2348
0.49 9.29192 12.3639 10.3791
0.5 9.48096 12.5812 10.451
0.51 9.60954 12.6428 10.5821
0.52 9.70341 12.6305 10.8785
0.53 9.90838 12.4829 11.2173
0.54 9.95531 12.0182 11.1227
0.55 10.0114 12.0564 11.4184
0.56 10.0206 11.8231 11.3467
0.57 10.2578 11.5956 11.7137
0.58 10.066 11.5762 11.7057
0.59 10.1832 11.4408 11.9758
0.6 10.2507 11.5831 12.0366
0.61 10.5546 11.9831 11.9425
0.62 10.6801 12.2239 12.0512
0.63 10.5766 12.5371 11.9704
0.64 10.5144 12.4259 12.1174
0.65 10.7716 12.6661 11.8052
0.66 10.7809 12.9407 12.1091
0.67 10.6832 12.9851 12.3366
0.68 10.9881 13.1546 13.1369
0.69 11.2701 13.2295 13.3717
0.7 11.5257 13.4746 12.8433
0.71 11.6547 14.0986 12.5082
0.72 11.8533 13.7098 12.5441
0.73 12.0216 13.6575 12.4147
0.74 12.1435 13.644 12.1862
0.75 12.077 14.0791 12.442
0.76 11.9196 13.7948 12.2678
0.77 11.6929 13.6972 12.3779
0.78 11.7906 13.3201 12.5105
0.79 11.6499 13.289 12.7528
0.8 11.4975 13.5101 12.8244
0.81 11.3122 13.9714 13.1372
0.82 11.4854 13.6306 13.2413
0.83 12.0017 14.0451 13.2572
0.84 11.3631 14.0892 13.2165
0.85 11.5028 13.8277 13.2933
0.86 10.9933 14.2982 13.2994
0.87 10.8598 15.1655 13.3529
0.88 10.8391 15.038 13.5545
0.89 10.9665 15.326 13.5932
0.9 11.0534 15.3317 13.6588
0.91 10.8991 16.0405 14.1378
0.92 11.0745 15.4881 13.7303
0.93 10.8033 14.8892 13.557
0.94 10.7517 15.0694 13.1233
0.95 10.2773 15.2865 12.8165
0.96 10.1001 15.4151 13.2336
0.97 10.1 15.7275 13.1355
0.98 10.303 16.2347 13.5461
0.99 10.1251 16.7387 14.2066
1 9.98447 16.8209 14.2067
1.01 9.93196 16.8017 14.5608
1.02 10.3352 16.9601 14.4829
1.03 10.2042 16.8788 14.5764
1.04 10.3973 17.2046 14.9026
1.05 10.4651 17.5639 14.6622
1.06 10.3327 17.5624 14.7277
1.07 9.9076 17.3711 14.7253
1.08 9.84511 17.9139 14.5123
1.09 9.65342 17.5766 14.1683
1.1 9.20429 17.8637 14.1586
1.11 9.55189 17.9485 13.9333
1.12 9.75913 18.1859 13.3259
1.13 10.0542 17.897 13.4496
1.14 9.89639 17.9618 13.1981
1.15 9.91431 18.3329 13.3288
1.16 10.1886 18.2067 13.1842
1.17 10.4179 18.7997 13.1804
1.18 10.2957 18.7227 13.2852
1.19 10.1281 18.25 13.0183
1.2 10.4216 18.3058 12.8507
1.21 10.3308 18.6491 13.0842
1.22 10.2019 18.7339 12.786
1.23 10.1996 19.1847 13.224
1.24 10.6254 18.4487 13.311
1.25 11.0299 18.7854 13.4611
1.26 10.8679 18.5602 13.5162
1.27 10.9411 18.9897 13.6031
1.28 10.7906 19.2311 13.6013
1.29 10.7897 19.2884 13.1208
1.3 10.9148 19.1331 12.9567
1.31 11.1379 19.1456 12.7456
1.32 11.7739 19.6625 12.937
1.33 12.0632 20.072 12.803
1.34 11.8837 20.2203 12.9861
1.35 11.5073 20.4603 12.7193
1.36 11.3936 20.4936 12.6541
1.37 11.2307 20.2925 12.7585
1.38 11.5651 19.9445 13.0196
1.39 11.4798 19.9889 13.2286
1.4 11.7605 19.8482 13.2483
1.41 11.7632 20.6503 13.6326
1.42 12.3108 21.0936 13.5664
1.43 12.8248 21.3673 14.0678
1.44 12.9737 21.718 14.6049
1.45 13.0774 21.8407 14.7146
1.46 12.945 21.5122 14.7016
1.47 13.0671 21.3697 15.0381
1.48 13.2801 22.0553 15.0246
1.49 13.5427 21.9273 15.3655
1.5 13.4386 21.5871 15.4983
1.51 13.078 22.4485 16.0296
1.52 13.4477 23.4224 15.7354
1.53 13.2261 23.7468 15.4114
1.54 13.222 24.9278 15.9295
1.55 13.0936 24.9048 15.9076
1.56 13.3421 25.7411 16.3915
1.57 13.0831 25.14 16.4422
1.58 12.9589 25.9246 16.7131
1.59 12.6253 25.9396 16.177
1.6 13.0493 25.3417 16.1851
1.61 12.7817 25.3839 16.4824
1.62 12.3021 25.7043 16.8567
1.63 12.7034 25.8279 16.7077
1.64 12.641 24.9377 17.0812
1.65 12.6113 24.7339 17.822
1.66 12.4301 24.4244 17.7032
1.67 12.1842 23.3822 17.9951
1.68 12.2604 23.9784 18.014
1.69 12.3926 24.2653 17.7251
1.7 12.4109 24.5534 18.1169
1.71 12.2625 24.8902 17.9299
1.72 12.4253 24.8338 18.7001
1.73 12.7911 24.2525 18.5916
1.74 12.835 24.5047 18.6948
1.75 12.8637 25.1653 18.8925
1.76 12.7695 24.9676 18.4037
1.77 12.3228 24.9638 18.5302
1.78 12.4348 25.0887 18.5
1.79 12.4344 25.4963 18.0718
1.8 12.844 26.1595 18.3272
1.81 12.9228 26.2565 17.6777
1.82 12.9131 26.0576 17.9317
1.83 12.4722 25.5586 18.0135
1.84 12.1157 26.5474 17.6513
1.85 12.0519 27.227 17.4678
1.86 11.9901 27.1239 16.457
1.87 12.0888 27.543 15.7893
1.88 11.828 27.5537 15.8801
1.89 12.3031 27.9844 15.774
1.9 12.3506 28.362 15.7942
1.91 12.3356 29.2942 16.0667
1.92 12.3541 29.8251 16.5476
1.93 12.4916 30.7786 16.3616
1.94 12.5272 30.0768 16.0932
1.95 12.5925 29.501 16.2052
1.96 12.4344 29.5816 15.9868
1.97 12.6255 28.799 15.5532
1.98 12.2312 28.9618 15.303
1.99 11.7646 29.9232 15.5064
2 11.4489 29.603 15.447
