0.854073 0.305931
0.183444 -2.27386
1.03748 0.0516991
1.75808 0.530604
-0.696106 -2.27324
-1.35267 -0.131466
0.881393 -0.217016
-1.71474 0.13726
0.535735 0.263848
0.905287 -1.86997
1.61214 -0.196659
1.0494 -1.13951
-1.43343 -1.80747
-0.0445576 0.782812
0.222298 0.54301
-1.23539 0.69221
-0.978524 -1.08333
-1.6812 -0.415706
-0.319849 -0.285401
-0.167526 1.55404
-0.0113505 0.048348
0.974007 -0.444525
0.651777 0.46358
-0.758987 -0.147496
-0.340331 0.200904
1.69179 -1.8544
0.278508 -1.05393
0.258446 1.5
-0.892315 1.14288
-0.254105 -0.197231
2.2127 -0.718087
0.948832 0.383335
-1.07788 2.18587
-1.0929 1.46015
-1.15542 0.472979
0.014921 1.88881
0.610348 -0.765219
-0.108712 -1.71568
0.016049 0.177822
-0.189035 0.0103483
1.40512 -1.05894
1.00865 0.664065
-0.650854 1.11676
1.63501 0.296316
-0.254566 -1.02131
0.376054 -0.485475
0.194381 1.78409
0.849455 -0.91942
0.834394 1.11935
0.47918 1.51871
-1.76908 -0.0802039
-0.615097 -0.606314
1.9152 0.488726
1.1026 -1.00195
-0.165698 0.243819
-1.0909 -0.793616
0.176553 0.532316
-1.92357 0.922072
-0.229539 -0.582737
-0.400226 1.05628
-0.941326 0.50313
-1.17414 0.160794
-0.625365 -1.10616
-0.0181814 0.522997
0.155305 -0.824574
-1.72695 -0.0212523
-0.840452 -1.02236
-0.655881 0.318633
-0.472156 0.419762
0.506403 -0.921031
0.19206 0.261044
-2.36057 -1.47227
1.52616 1.02011
0.588171 -2.10888
0.567571 -0.347185
-0.882916 0.718841
0.430939 0.771145
-0.653069 0.730218
-0.67207 -0.76956
-0.0084256 -0.142874
-0.663986 -0.556713
0.0160863 0.434629
0.54908 0.40553
-0.0355657 0.966835
1.092 1.82373
0.999447 -0.219437
-0.356056 -0.379154
-0.10308 1.37731
-0.790634 0.701849
-1.0465 -0.229543
0.803008 2.11512
-1.53582 1.04404
0.34993 -1.15457
0.197313 1.27766
0.0180959 0.477561
1.2108 -0.421074
-0.49312 0.562192
-0.656166 -0.151311
0.655167 0.436561
1.36506 -0.984391
0.672358 0.0470006
-0.807508 -0.326696
0.384785 0.417319
0.0897703 1.52595
-0.342097 -1.00654
0.425399 -0.278042
0.992603 -0.699641
0.676805 -0.60207
-1.11097 1.19248
-1.17159 -3.0119
0.406689 0.00130189
1.06353 0.135432
0.617443 -0.226959
0.527841 0.505746
-0.672651 -0.502958
0.03649 0.420408
-1.88948 -0.364686
-1.15652 0.113603
0.83149 0.606741
-1.28468 -1.15176
-0.644513 0.784707
0.309472 -2.25732
-0.212903 0.815829
0.775927 -0.699188
-1.15804 1.54586
-0.985485 0.432764
0.806827 -0.417428
0.397098 0.347021
-1.45867 1.37417
-0.100926 -1.37294
-0.256401 -0.00160393
0.544363 1.61804
-0.641346 -0.704646
1.94276 -1.14438
-1.78574 -1.44364
-2.27736 0.515536
0.325874 3.45171
-0.133647 -0.256703
0.573075 1.56104
-0.495361 0.852912
-0.808168 -1.53867
-1.05913 -0.115118
0.438564 2.08847
1.50192 -1.66216
0.121103 0.712912
0.499979 0.768344
-0.923765 0.232739
-0.64245 1.39837
0.753343 0.167708
0.322163 0.1958
0.473215 -0.470712
0.0973916 -1.73883
-0.132775 -0.398854
0.897482 -0.161349
0.892187 1.60249
-0.463747 0.281198
1.17818 -0.460573
0.681853 -1.69973
0.283496 -0.731526
0.963895 1.45079
1.79666 -1.13261
-0.118749 1.29578
1.67942 0.5949
0.374868 -0.863954
0.0488472 1.51808
0.694127 0.453872
2.64608 -0.2916
-1.25122 0.483514
1.76466 -1.14793
-0.329811 1.54864
2.58854 -0.18039
0.478954 -0.0276272
0.446582 -0.258271
-1.20311 0.342717
-1.26347 1.32611
-0.0608933 0.354305
2.61654 0.273104
-1.34514 -1.22959
0.730784 -1.11636
-0.861184 0.285492
-0.410639 -1.65633
-1.33762 -1.23498
0.169906 0.801587
-0.390124 2.5077
0.868539 -0.581201
-0.199721 -1.14334
0.889892 0.215949
0.379859 0.528751
1.186 -0.84889
-0.712292 1.42818
-1.15221 1.12242
0.851999 -0.328295
1.82088 0.0479337
-1.17916 -0.667012
0.207786 -1.11501
1.51767 1.68804
-0.415969 0.210467
0.961142 0.564707
0.29586 -0.236154
-0.70156 -2.17331
-2.88393 -0.378711
-0.651149 0.334993
-0.441172 -1.07615
0.799309 0.732744
0.720634 0.341056
0.490186 1.23627
-0.0290224 0.0416659
-0.438431 1.76668
1.13214 0.630346
0.348613 -0.131512
-0.591724 -2.28969
0.571957 0.433505
0.308008 0.504065
1.08982 0.103655
0.910476 0.149898
0.232225 1.19895
0.174926 0.0684753
1.47815 -1.87944
0.236154 0.289257
-0.365587 1.48049
1.32414 0.678843
0.77877 -1.64934
1.1816 -1.15014
-0.879515 -1.51768
-0.711076 -1.29454
0.352607 -0.864028
0.858436 -0.0137949
0.959612 -2.65826
-0.369333 0.0744527
1.34063 0.128745
2.13142 -0.389774
-1.84427 0.0345518
1.11194 -0.797377
-0.0375365 -0.471014
-0.180569 1.11625
-0.631965 0.456542
-0.520188 -2.50018
0.806833 0.776407
0.45905 1.12891
-0.760115 -0.473941
-0.300173 0.498786
-0.204015 -0.472142
-1.63005 0.579533
0.671011 0.287122
-0.952421 0.624559
0.319301 0.126183
0.461176 -0.704097
1.26507 -0.633678
0.391935 -0.417083
3.21905 1.12721
0.162154 -0.146729
0.710233 0.746931
0.329115 1.68818
-0.651254 -0.460154
-0.375648 -0.289885
-1.06461 -0.126239
-0.698359 1.62443
-0.0197786 0.621766
0.41737 -0.493504
1.79823 -1.49654
0.682999 -1.22041
1.83768 1.67391
0.600782 1.65434
0.0668916 0.296935
1.36123 1.97518
0.167304 0.895461
-0.769721 -0.432786
0.969923 0.13514
-1.49906 -0.261454
0.666173 1.19691
-1.23381 1.24247
-0.0710491 1.61785
1.53279 -1.22492
0.173044 -1.13307
-0.946272 0.0962602
-0.398274 1.44554
0.445424 0.142481
0.801012 -1.84486
-0.106293 -0.257657
0.798146 0.501336
-1.31744 1.17908
-0.791093 -0.102704
-0.267848 0.524867
0.166845 -0.253192
0.0819821 0.662029
1.26942 -1.34506
-0.253341 -0.694806
0.0653474 -0.133295
-1.07611 -0.39446
0.736842 1.26977
1.63187 0.10715
-1.36479 0.197559
0.0349772 -0.26276
1.08407 -1.29784
-0.206645 -0.817185
0.375599 -0.715661
-1.40659 -1.83639
0.395589 -0.450412
0.323594 -2.67233
0.726014 -0.733572
1.59789 0.197685
-0.910805 1.37364
0.00974324 0.418937
0.105279 1.08746
-0.76388 0.68886
-0.881561 0.361058
-0.544647 -0.671857
-2.21417 0.442376
-1.16849 2.6474
-0.908255 0.45565
0.838498 -0.14955
-0.495367 -0.103775
-0.206747 -0.449664
0.138247 1.21887
0.663523 -0.657883
0.981587 0.509254
1.88965 0.28867
0.157392 -1.17478
-0.0295192 -1.17207
-0.243523 0.403999
0.599916 0.323104
-0.882736 -0.776686
-0.907605 0.0982591
-2.5002 0.812819
0.802089 -0.215255
0.894754 0.160843
0.403731 -0.607161
-0.279855 -0.281985
-0.868239 0.759663
0.685147 -0.232356
1.01495 -0.873478
-0.616578 -1.87891
-1.68237 -1.52318
-0.186249 0.914285
-0.50175 1.46527
0.641698 1.55548
-1.61872 -1.16453
-0.685523 0.544888
-1.5339 1.95191
-1.35871 0.315412
-1.27708 -0.681103
-2.09342 -0.808849
-0.652673 0.339897
0.137662 1.82144
0.256708 -0.0124042
0.555136 -0.15314
-2.04016 2.57411
0.791364 0.955458
-1.15943 -0.634402
0.732187 -0.281171
1.57551 -0.61185
1.93757 -0.317086
-1.51552 -1.57639
-2.73864 -0.245323
0.907461 -0.812251
0.235159 -2.30568
0.751133 1.88468
-0.0697707 1.60058
1.54322 -0.423469
0.79439 0.566093
-0.0393725 1.94338
0.196834 0.306292
0.160093 -0.462518
1.00147 -0.118325
-1.29576 -0.306387
-0.00832255 -1.03443
-0.537 -0.585458
-0.698613 -0.0699373
0.650493 1.20072
-0.543558 -0.693142
0.0165707 1.44134
-0.0153682 0.0520168
-1.73548 -0.610772
0.128884 -0.872164
-0.694567 -0.497703
0.925643 0.0345332
0.317512 -0.693754
-0.622871 1.27101
0.990852 -0.0207346
-2.4207 0.983367
-1.02307 -1.06377
0.643445 0.912371
-0.310087 0.757348
1.61483 -0.216728
0.327697 -1.99835
-0.410278 -2.71481
0.0899193 2.57421
-1.27853 -0.677639
1.15814 1.4682
-1.71234 -0.26422
2.13369 -1.8359
1.01622 -0.863623
-0.411612 -0.551054
1.8304 -0.569745
0.119291 0.633685
2.76578 -0.162316
-1.80326 -0.0891687
-0.879964 -0.21429
-0.272058 1.21137
-0.840524 0.139863
-0.929863 -0.895507
-0.654161 -2.50235
-0.491294 -1.50933
0.0844525 -1.20214
0.316908 0.451473
-0.908722 0.337682
0.661955 0.101354
1.05464 0.826494
2.48098 0.685724
-1.05439 1.08634
-0.132794 -0.831157
-0.139138 1.23988
0.725034 -0.507851
-0.166099 -1.08119
1.05244 -0.522131
0.27954 2.08776
0.651314 0.509486
0.809083 -0.41282
0.221178 -0.0454408
0.163283 -0.0949057
0.401115 0.855199
-0.623557 0.756212
-1.68963 -0.128001
0.516421 0.540756
1.27989 0.136096
-1.30915 -0.524369
-0.163528 -1.04575
-0.62922 -1.36647
-0.064488 -0.321615
0.0936476 -0.415316
-1.17022 -0.298051
0.995749 -0.00765754
-0.903943 -0.933979
0.757957 -2.08429
1.44484 -0.955563
0.119786 0.0921821
1.14399 -0.392902
0.287238 -2.30626
0.722682 -0.446762
-0.397881 0.150774
-0.884054 -0.54362
0.453793 1.66502
0.158752 3.63728
0.76174 2.14237
-0.193841 -0.271661
1.02896 -0.706616
0.288501 1.46
0.099117 0.448228
-0.620079 0.775341
-1.73974 0.0517799
0.245502 -0.359267
-0.6482 -0.382676
-0.849313 -2.29034
-1.39757 0.0750853
0.229463 0.315163
-0.347148 1.38025
-0.395843 -0.411717
0.240248 -0.221589
-0.252715 -1.9895
-0.467769 1.52405
-1.3623 -0.580212
-0.620111 -0.952552
0.405747 -0.899491
-0.694792 -0.248124
0.810907 -3.18522
-2.12423 -0.791037
-0.391892 -2.4155
-0.0466659 -2.83392
-1.18618 -1.3223
0.282077 -1.35451
-1.25438 -0.100055
-1.21459 0.547433
0.179857 -0.611556
0.729565 -1.21713
0.886677 0.00409086
-0.0466621 1.46578
-0.489349 -0.161813
-0.59882 -0.49579
0.127703 -1.46723
1.13348 0.417823
0.578264 0.643219
0.0428189 -0.154339
-1.58411 1.102
0.840935 0.298507
-0.772321 -1.10273
-0.181842 -0.288477
-0.0281927 0.710221
0.0470365 0.510247
-0.546599 -0.00658787
0.309884 -0.715569
-0.0226139 -1.30149
-0.690867 0.165132
-0.272415 0.326668
-2.48873 -0.247932
-0.91015 1.9221
0.821682 0.183251
-0.0547597 -0.310564
-0.680799 1.17434
1.72567 -1.26623
0.738813 -0.370314
1.07578 -1.61009
0.464624 -0.341677
-0.473878 -0.128466
0.871504 0.369938
0.238442 0.628731
1.98913 0.328911
1.11799 0.94875
1.50833 0.0303529
0.331401 0.532616
0.261541 -0.35188
0.0636328 -0.00110551
0.729692 0.852983
-0.44989 -0.406188
0.339656 0.0682615
1.14183 -0.114818
0.235931 0.327112
1.12758 -0.960587
-0.783694 0.661217
0.424762 -0.459139
-1.2182 -1.54405
-0.509199 1.11012
1.87403 -0.89047
-0.829516 -0.936787
-0.883884 -0.382848
0.346834 0.409995
0.294944 -0.976151
1.90712 -0.44958
-0.777986 0.174552
-1.98151 -0.505773
-0.0780397 0.119169
-0.12582 -0.949218
0.772017 -0.0305074
-0.550146 -1.33681
0.310692 -0.206291
1.63523 1.146
-1.34563 1.59058
-0.154205 0.0536775
-0.776598 -0.951357
-0.0953252 -0.10222
0.243499 0.820135
0.670689 0.392443
0.206519 -1.95061
0.187321 1.33424
-0.494993 -0.802029
-1.71484 -0.960924
-0.689328 0.340489
1.53027 0.498432
0.0374643 -1.6063
0.824114 -0.505576
1.97593 -1.17821
0.758171 0.0803555
-1.2356 -0.271888
0.447951 -0.271641
0.138771 -0.541519
-0.68062 1.41945
0.780992 -0.148128
0.0730318 -0.985939
-0.921899 -2.49596
0.611542 -0.0425062
0.914334 1.06373
0.839581 0.771564
-1.7613 2.26775
1.47176 -1.29667
0.981624 2.08009
-0.54783 1.44377
-0.587414 0.102574
-0.36145 2.28491
0.776062 1.06826
-1.83373 0.337204
0.329638 -2.46135
-0.808302 -1.15423
0.847066 -2.1121
0.59721 1.01029
0.792941 -0.318035
0.17602 0.85835
0.826811 0.013632
1.40892 1.62775
-1.12525 -1.05452
-0.728699 -0.691882
2.06524 -1.09659
1.39544 -0.568817
-0.378905 -0.863925
-0.591511 0.717772
1.23923 0.0496118
-0.4451 2.59777
0.84763 -0.335943
-0.72995 0.582593
0.15085 -0.862466
0.706607 1.10536
-0.703858 1.39964
-1.94806 -0.440117
-0.185208 -0.528906
1.61732 0.241411
0.875621 -1.16021
0.857925 0.53129
1.71056 -0.838562
-0.350831 -0.621453
-0.49515 1.02934
-1.8096 -1.36619
-1.03685 -1.15751
1.39117 0.658865
0.839092 1.79524
0.876151 -1.56006
1.62859 1.88354
0.700026 0.436736
-1.56847 1.76465
-0.0183612 -1.42814
0.166927 0.520435
1.13716 -0.224552
-1.16185 0.17042
-0.0679356 0.401416
0.670916 1.65386
0.39805 -0.301741
0.235324 0.148777
-0.514274 -2.33296
0.0283726 0.511889
0.947742 -0.00591407
1.08718 1.08239
-0.156938 -0.184664
-0.92198 -2.87208
1.04742 -0.974033
1.71266 0.588992
1.775 2.02332
0.637772 0.983146
-0.115379 1.29308
-0.380825 -0.559363
1.07366 -0.962001
0.776691 0.32946
1.76356 -1.0627
1.47556 0.1391
1.21452 0.512593
-0.0369372 1.56934
-0.361026 0.76884
1.00827 -2.10591
0.338738 -0.809859
0.00957468 -0.377609
1.6909 1.6555
1.01518 -0.231441
-1.17415 -0.609071
0.497874 -1.06303
-0.442052 0.149813
-0.979834 0.784584
0.481848 1.20653
1.2741 0.521276
0.581075 -0.248089
0.895309 0.397979
0.359124 0.371059
-0.150907 1.00935
0.636284 -0.464908
0.0700016 -2.13381
0.234619 -0.0527843
-0.611067 2.31372
1.09499 -0.665383
-0.264575 1.31818
0.568503 -0.840994
1.0405 1.15535
-0.757683 0.536881
-0.781316 0.849355
-2.23447 -0.19857
0.715321 0.740695
1.09721 -0.489161
0.864275 1.5369
-1.08457 -0.624225
1.14903 -0.412253
-0.891806 -0.629012
0.874691 -0.132037
1.58113 0.587926
1.28333 -1.02489
-0.448942 -1.3194
-0.177708 0.265365
-1.74 0.6879
1.27184 0.273484
0.838133 0.669812
0.464526 1.03631
0.378435 -1.02653
1.77279 2.22598
-0.608995 -0.472994
0.0137853 -0.447714
1.01691 -0.185856
-0.279236 -1.22098
0.568517 0.114218
1.42333 -0.31119
-1.51584 -0.799052
-1.87339 0.533218
0.428637 -0.600828
0.00190681 0.641054
-0.145868 0.664332
0.411009 0.128837
1.10158 0.104559
0.499318 -1.92782
-1.86462 -0.1675
1.12981 1.60437
-1.03774 -0.218729
0.953662 -1.62945
0.84431 0.335963
-1.40794 2.70141
0.378258 0.129962
-0.613774 -1.54587
0.814984 -1.43023
-0.44628 0.7368
1.06132 -0.470012
0.264355 -0.545152
3.35262 0.173405
0.244644 1.69727
-0.392701 0.477186
0.396119 -0.853007
1.44103 1.24277
-0.905109 -0.310084
0.124121 -1.37182
0.894513 -0.404108
-0.0674659 0.188887
1.00608 -0.937186
0.378264 0.200228
-0.893635 -1.39808
-0.0984921 -0.375058
-1.07015 1.08429
-2.3285 -0.364193
-0.0642498 1.15419
0.657234 -0.977713
-1.26056 0.680396
0.841115 -0.664349
-0.295949 -0.654101
0.735845 0.404817
1.44521 -0.127611
0.146618 1.31494
0.744575 -0.324468
-0.723628 -0.399456
-0.833727 0.0726111
-1.91439 0.736602
0.204131 0.0418684
-0.960562 1.75454
-0.974221 0.147557
0.325131 1.29862
0.543963 0.989521
0.686473 1.50804
-0.768645 2.06926
-2.02597 0.406611
0.68119 0.546365
-1.01964 1.29956
1.13714 -0.989182
-0.0499604 0.279441
-0.0630751 -0.125667
-0.146533 0.380684
-0.505868 -0.835118
-0.749654 -1.1205
2.89142 0.480726
-0.356418 0.767996
2.71299 -0.484202
-0.301087 -1.02192
-0.608775 -0.070454
0.84555 -0.0242901
-0.52004 1.78094
-0.816836 -0.165051
0.544837 -0.331985
1.19491 -1.54458
-1.01325 -0.475747
-0.585451 -0.581319
-0.0304681 0.452089
0.695421 -0.295844
1.9774 1.01175
2.32473 0.802075
-0.863757 -0.0516739
1.43684 0.348457
-0.110018 1.30835
-1.36192 1.37808
0.152357 0.551644
-0.0910085 -0.336978
-0.823516 -0.384706
0.365706 1.11347
-0.467341 0.0660128
1.44417 -1.32457
0.246853 -0.982832
1.1547 -0.367014
-0.181775 -0.6278
0.581781 -1.30174
-0.14488 -1.15797
-0.87883 1.26542
-0.367082 -1.14634
0.193381 -1.56775
1.0765 0.268197
2.01961 0.0246445
0.194499 0.925757
0.596708 0.232474
-0.694358 0.344371
0.3166 0.0585744
0.010568 -1.43971
0.493116 -0.0477114
-0.0587913 0.11556
0.652642 -0.700358
-0.216114 -0.575571
-1.04618 0.713686
-0.453122 -2.05139
0.0374785 -0.778891
0.427226 -0.338293
-0.501078 -1.07371
-1.17032 1.06551
0.0355334 0.382553
2.97259 2.14975
-0.574131 -0.252915
-0.490161 -1.19508
0.592816 -2.03174
-0.35379 0.857415
-1.08249 -0.00953013
1.76886 -1.70287
0.289353 -0.0795984
0.214095 0.354801
-1.22106 -0.318477
0.0948122 -0.240977
-0.360275 0.0966689
-1.40703 0.733293
0.918618 -1.04747
1.75515 -1.56179
-0.202601 0.46354
-0.0400287 -0.294737
-1.77175 -0.596232
0.329016 -0.522104
0.00539567 1.38283
-0.265361 1.50132
-0.778251 -0.25628
-1.02242 0.766571
0.0416122 -1.02007
-0.93349 -1.21608
1.18738 -2.42134
-0.38212 0.529599
0.690582 -0.62605
2.03475 -0.0385828
-1.22291 -1.00922
-2.24536 0.681115
0.844383 -0.240381
-0.934676 1.8198
-0.0184816 0.331207
-0.341493 0.436332
2.16998 -0.586125
-1.03015 1.08092
1.00888 1.18121
0.416249 -0.125196
0.885606 -0.81005
1.4927 0.811408
-0.373633 0.413534
0.725112 -1.80531
0.293742 -0.389943
-0.261372 -1.79563
0.568803 0.825907
1.1304 -0.321189
-1.1953 -0.292499
0.484226 1.15067
-1.5905 -0.422349
0.60319 -0.327485
-0.595769 -0.987771
1.16299 0.223831
0.440169 0.912509
1.07446 -0.392724
-0.384604 -0.848768
1.7988 0.235647
-1.22583 0.392927
-0.279655 0.677006
-0.19411 1.00974
0.714051 0.0839861
-1.70034 -0.712782
-1.34464 -0.767476
0.494633 0.325793
0.147757 0.201892
0.499752 -0.52844
0.93429 -0.690979
0.175867 -0.960502
0.800833 -0.435894
-0.465558 0.766352
-2.4268 -1.17666
-0.488219 1.97419
0.341984 1.6313
0.155733 -0.0299647
1.10495 0.201761
-1.20518 1.71307
0.323057 -0.787451
-0.0859049 -0.94023
-0.606335 -0.948858
1.64409 0.194419
0.13097 0.542636
1.38472 0.920785
0.837915 0.145297
1.53226 -0.495838
0.0314939 -0.576254
1.00695 -1.19014
0.950289 -0.323754
0.459745 0.763044
1.43577 -0.925561
0.751557 -1.26379
-1.45416 -0.0947173
-0.020097 1.20203
0.322639 -1.18899
-2.05976 1.49562
-1.03939 -0.339409
0.681797 0.117329
0.164448 -0.535581
-1.03784 1.73211
0.728291 0.40409
-0.0404773 0.0420854
1.11259 0.177126
1.09449 1.08039
-0.69728 0.873547
-0.524656 -0.627757
-1.96597 -1.43297
-1.05298 1.15634
-1.04226 -0.16364
-1.28917 -1.8851
-0.0403116 -0.700922
0.33294 -0.991242
-2.33343 -1.11895
-0.906725 -0.597305
-0.552706 0.758696
-0.150994 -0.514612
-0.182069 -0.601076
-0.976808 0.645015
0.886635 -0.991416
-2.52999 0.245436
-0.45149 0.455234
-0.200334 -1.0238
-0.854355 1.14504
-0.00695427 1.29714
-2.15151 0.413883
-1.56186 1.22028
-1.27633 0.392453
0.433896 1.0153
-1.20037 -0.427059
-0.509512 -0.395871
1.348 -0.369929
-0.0699298 -1.067
1.61228 0.851274
0.799321 -0.984673
0.460014 1.7282
-0.183075 0.491211
2.56002 0.255691
-0.920227 -1.29169
-1.12426 0.623944
-1.37463 -1.05187
-0.312335 -0.881596
-0.91694 -0.797678
-0.980728 0.0746489
0.372857 1.53224
1.06856 1.29887
1.58614 0.262087
0.0750611 -2.59991
-0.166435 1.24376
0.625254 -0.825958
-1.1509 -0.0953937
-0.803356 -0.216546
0.308825 0.614272
0.921153 0.0270601
0.104053 1.07715
-0.781694 -1.77495
-0.465858 0.947508
2.25933 0.142991
2.05114 1.0901
0.698777 -0.49015
0.577132 -0.419543
-0.095756 1.01351
0.364 0.70977
0.00761067 -1.82103
0.858618 0.976731
-0.394831 -0.580026
-0.41968 1.01428
0.620098 1.7557
0.96227 -0.419363
0.0720499 0.940948
0.2624 -1.47373
-0.254771 1.00437
1.54774 -0.556845
-1.26216 1.32471
-0.152833 0.256728
2.17363 0.451149
1.21908 0.493107
-0.989012 1.6223
-1.74364 -0.406757
-0.593131 -0.936051
0.277456 1.20622
0.170008 0.0344555
0.38857 -0.326514
-0.86485 -0.168762
-0.0713552 0.114183
0.331166 -0.573594
-0.0541195 0.586898
0.722688 0.380786
0.613445 -1.79214
-0.900846 0.936118
-0.395689 -1.56801
-1.17549 -2.2909
-1.79055 -1.02111
0.276125 0.48929
1.23144 -0.487183
1.52462 0.390015
0.231583 -0.369989
1.30101 1.14155
1.12464 -0.420264
-0.606446 -1.21252
0.496811 0.675885
-0.571141 1.6685
-0.177797 -0.247946
-1.80614 -0.169545
0.378993 0.38514
0.15843 -1.35809
