0 0 0 0
0.01 -0.0454502 -0.0417222 -0.0276029
0.02 0.130506 0.182013 -0.09475
0.03 0.147417 0.329174 0.0714167
0.04 0.0669909 0.132357 0.0205937
0.05 0.108693 0.23251 -0.0579207
0.06 0.230569 0.2079 -0.0172687
0.07 0.326339 0.0641146 -0.0506245
0.08 0.454963 0.042759 -0.117616
0.09 0.4077 0.0151322 -0.0639143
0.1 0.447854 -0.213829 -0.068088
0.11 0.475417 -0.278527 -0.260284
0.12 0.570574 -0.267928 -0.475207
0.13 0.690576 -0.227694 -0.459104
0.14 0.648548 -0.186158 -0.416718
0.15 0.564384 -0.199809 -0.494559
0.16 0.381729 -0.167608 -0.540605
0.17 0.332567 -0.0128448 -0.583163
0.18 0.29787 -0.0638648 -0.672151
0.19 0.245863 -0.014685 -0.7201
0.2 0.366405 0.00327342 -0.783679
0.21 0.496878 -0.0999538 -0.711058
0.22 0.498345 -0.117248 -0.688759
0.23 0.464728 -0.312531 -0.785016
0.24 0.549023 -0.256264 -0.811536
0.25 0.447503 -0.290416 -0.749486
0.26 0.566302 -0.252127 -0.641701
0.27 0.533514 -0.141742 -0.682437
0.28 0.482384 -0.11751 -0.641373
0.29 0.537478 -0.203815 -0.591626
0.3 0.394197 -0.195181 -0.43556
0.31 0.328623 -0.114667 -0.438127
0.32 0.345626 -0.0192176 -0.434245
0.33 0.417877 -0.304731 -0.239078
0.34 0.383806 -0.195142 -0.11603
0.35 0.29526 -0.393739 -0.0992994
0.36 0.27649 -0.42242 0.0107484
0.37 0.198831 -0.354793 -0.0238522
0.38 0.118055 -0.478329 0.0657155
0.39 0.0808709 -0.485119 0.188798
0.4 0.0327895 -0.701572 0.242308
0.41 -0.0950313 -0.531314 0.229767
0.42 -0.236379 -0.567954 0.22755
0.43 -0.227449 -0.625191 0.122781
0.44 -0.367381 -0.795047 0.190855
0.45 -0.242238 -0.877471 0.0975803
0.46 -0.143396 -0.941129 0.0945106
0.47 -0.149949 -0.904423 0.126082
0.48 -0.228825 -0.884943 0.0879536
0.49 -0.23323 -0.94272 0.156969
0.5 -0.175032 -0.93622 0.261728
0.51 -0.0792791 -0.858623 0.246716
0.52 -0.197029 -0.756156 0.179583
0.53 0.00563155 -0.801943 0.23369
0.54 -0.122985 -0.590854 0.215414
0.55 -0.19196 -0.744522 0.169669
0.56 -0.0918168 -0.912755 0.0993851
0.57 -0.0863259 -0.814154 0.0255689
0.58 -0.0710672 -0.738431 0.10606
0.59 -0.0545919 -0.741629 0.140081
0.6 0.0116186 -0.78723 0.105362
0.61 0.00460351 -0.800583 0.231122
0.62 -0.0395902 -0.820175 0.252601
0.63 -0.152193 -0.962523 0.135286
0.64 -0.222916 -0.855642 0.056672
0.65 -0.129434 -0.814145 -0.0357191
0.66 -0.0712475 -0.926602 0.0489431
0.67 0.0933131 -0.89004 0.147551
0.68 0.0435964 -0.883876 0.0627094
0.69 0.0330659 -0.908546 -0.100796
0.7 0.22567 -0.899225 -0.094768
0.71 0.209894 -0.959349 -0.0657345
0.72 0.218354 -0.997498 -0.120467
0.73 0.353098 -1.02483 -0.132505
0.74 0.238707 -0.843098 -0.103203
0.75 0.243364 -0.849568 -0.224124
0.76 0.281472 -0.822905 -0.180106
0.77 0.291172 -0.837586 -0.126667
0.78 0.26646 -0.821618 -0.183317
0.79 0.363777 -0.787172 -0.0193605
0.8 0.287282 -0.766448 -0.184532
0.81 0.232442 -0.831325 -0.147442
0.82 0.2586 -0.874001 -0.0188639
0.83 0.331343 -0.850539 0.00969994
0.84 0.357083 -0.888841 0.125301
0.85 0.336438 -0.943768 0.041893
0.86 0.271073 -1.00155 0.12153
0.87 0.240568 -1.05906 0.233313
0.88 0.267554 -0.857369 0.284272
0.89 0.238692 -0.797984 0.431202
0.9 0.449114 -0.947286 0.515488
0.91 0.261616 -0.890137 0.484302
0.92 0.218398 -0.825451 0.453495
0.93 0.0687938 -0.772331 0.363381
0.94 0.0141366 -0.778527 0.400838
0.95 -0.101713 -0.972739 0.364024
0.96 -0.0980023 -0.942294 0.494286
0.97 -0.0811727 -0.858248 0.687985
0.98 -0.144795 -0.73272 0.715078
0.99 -0.102082 -0.607924 0.797061
1 -0.174973 -0.746957 0.700063
1.01 -0.0543987 -0.591901 0.703955
1.02 0.169848 -0.550836 0.66574
1.03 0.135305 -0.268023 0.721834
1.04 0.0561818 -0.343347 0.852111
1.05 0.091922 -0.373373 0.850243
1.06 0.203007 -0.359921 1.06677
1.07 0.14401 -0.335433 1.16148
1.08 0.185473 -0.292232 1.08035
1.09 0.150564 -0.357328 1.06017
1.1 0.148631 -0.419759 1.03435
1.11 0.09494 -0.359527 1.06024
1.12 0.0976574 -0.364246 0.954756
1.13 0.0369105 -0.354028 0.813586
1.14 0.111025 -0.313901 0.83935
1.15 0.136756 -0.335254 0.873994
1.16 0.278821 -0.21244 0.890591
1.17 0.165559 -0.294428 0.821265
1.18 0.205203 -0.289395 0.68202
1.19 0.27194 -0.30306 0.781985
1.2 0.302135 -0.0469524 0.909855
1.21 0.375155 -0.144493 0.893938
1.22 0.412852 -0.276981 0.941495
1.23 0.37039 -0.32302 1.05334
1.24 0.145591 -0.360261 1.29838
1.25 0.076818 -0.423463 1.36805
1.26 0.17689 -0.412267 1.30103
1.27 0.0177711 -0.380403 1.36842
1.28 0.020661 -0.312786 1.26873
1.29 0.0813439 -0.282631 1.20794
1.3 0.0700084 -0.186158 1.16151
1.31 -0.0162737 -0.205052 1.20839
1.32 -0.0243599 -0.0823517 1.02375
1.33 -0.0369504 -0.14307 0.897051
1.34 -0.173686 -0.00198088 0.969046
1.35 -0.256721 -0.0963358 0.904977
1.36 -0.290918 -0.141203 0.917348
1.37 -0.260139 -0.232753 0.826689
1.38 -0.353531 -0.173945 0.889358
1.39 -0.31241 -0.281883 0.816528
1.4 -0.205891 -0.425371 0.801909
1.41 -0.228843 -0.487788 0.650925
1.42 -0.288586 -0.385112 0.71085
1.43 -0.273227 -0.435331 0.590106
1.44 -0.274464 -0.393413 0.756922
1.45 -0.3392 -0.432854 0.854937
1.46 -0.299644 -0.484317 0.956254
1.47 -0.274708 -0.437724 0.934575
1.48 -0.318797 -0.555829 0.95453
1.49 -0.373025 -0.756358 0.943817
1.5 -0.250694 -0.730619 1.07595
1.51 -0.300396 -0.79152 1.00697
1.52 -0.458833 -0.802097 1.05235
1.53 -0.501731 -0.81916 1.07945
1.54 -0.570292 -0.627747 0.929671
1.55 -0.473157 -0.405902 1.12384
1.56 -0.614311 -0.354349 0.840336
1.57 -0.549987 -0.316951 0.956737
1.58 -0.774278 -0.381255 0.955672
1.59 -0.811099 -0.38716 0.895474
1.6 -0.744236 -0.247089 0.982676
1.61 -0.927842 -0.220853 0.964175
1.62 -1.00975 -0.289958 1.06352
1.63 -0.998319 -0.441533 1.03577
1.64 -1.13994 -0.319961 1.23629
1.65 -1.18863 -0.387476 1.213
1.66 -1.33802 -0.293878 1.21985
1.67 -1.21481 -0.415943 1.11741
1.68 -1.09652 -0.614514 0.983866
1.69 -1.10733 -0.647156 0.978042
1.7 -1.0107 -0.554912 0.865896
1.71 -1.03593 -0.620594 1.10207
1.72 -1.22001 -0.69092 1.04243
1.73 -1.09802 -0.775371 0.916669
1.74 -0.794227 -0.87774 0.883535
1.75 -0.859058 -0.788878 1.00628
1.76 -0.903778 -0.737499 0.820539
1.77 -0.813874 -0.747657 0.802493
1.78 -0.812494 -0.679178 0.803767
1.79 -0.71439 -0.530526 0.828537
1.8 -0.79551 -0.534071 0.540559
1.81 -0.798957 -0.640989 0.516502
1.82 -0.78053 -0.557784 0.596794
1.83 -0.710868 -0.490201 0.568802
1.84 -0.663436 -0.603045 0.496987
1.85 -0.629146 -0.56037 0.382732
1.86 -0.648589 -0.527616 0.32635
1.87 -0.802387 -0.672148 0.336247
1.88 -0.840759 -0.66432 0.316986
1.89 -0.518444 -0.63319 0.498594
1.9 -0.439898 -0.510978 0.438136
1.91 -0.327413 -0.558712 0.429434
1.92 -0.196506 -0.58553 0.385597
1.93 -0.184965 -0.757025 0.463797
1.94 -0.265491 -0.553317 0.432411
1.95 -0.308399 -0.621701 0.402251
1.96 -0.052653 -0.621925 0.285134
1.97 -0.0174068 -0.666286 0.341656
1.98 -0.0249469 -0.583729 0.122607
1.99 -0.257805 -0.752954 0.0633063
2 -0.253733 -0.590047 0.276906
